date,code,open,high,low,close,preclose,volume,amount,adjustflag,turn,tradestatus,pctChg,peTTM,psTTM,pcfNcfTTM,pbMRQ,isST
2011-06-10,sz.002588,30.5500,32.7800,30.1500,31.0700,35.0000,5010125,156320141.8900,3,19.195881,1,-11.228570,20.006032,1.178659,18.291846,5.452037,0
2011-06-13,sz.002588,29.8000,30.1900,28.7500,29.3900,31.0700,2385608,70025719.7700,3,9.140261,1,-5.407100,18.924277,1.114927,17.302779,5.157237,0
2011-06-14,sz.002588,29.1000,29.5700,28.9700,29.3900,29.3900,1453884,42597594.9900,3,5.570437,1,0.000000,18.924277,1.114927,17.302779,5.157237,0
2011-06-15,sz.002588,29.1000,29.9300,29.1000,29.3100,29.3900,1150908,33995489.6500,3,4.409609,1,-0.272200,18.872765,1.111892,17.255681,5.143199,0
2011-06-16,sz.002588,29.1000,29.2700,28.3900,28.3900,29.3100,1035187,29705033.7200,3,3.966234,1,-3.138900,18.280375,1.076992,16.714049,4.981761,0
2011-06-17,sz.002588,28.3000,28.6500,27.9000,27.9300,28.3900,876554,24773195.5500,3,3.358444,1,-1.620300,17.984180,1.059541,16.443233,4.901042,0
2011-06-20,sz.002588,27.5100,27.7800,26.9100,27.5400,27.9300,1098931,29983905.4800,3,4.210464,1,-1.396300,17.733058,1.044746,16.213628,4.832607,0
2011-06-21,sz.002588,27.2800,28.6500,27.2800,28.5900,27.5400,1343707,37703375.3300,3,5.148303,1,3.812600,18.409155,1.084579,16.831795,5.016857,0
2011-06-22,sz.002588,28.4500,28.4500,27.8500,28.0800,28.5900,755204,21260430.0700,3,2.893502,1,-1.783800,18.080765,1.065232,16.531543,4.927364,0
2011-06-23,sz.002588,28.0900,29.2600,27.5600,29.0600,28.0800,1362124,39024218.4400,3,5.218866,1,3.490000,18.711789,1.102408,17.108498,5.099330,0
2011-06-24,sz.002588,29.1300,29.9000,28.9100,29.5100,29.0600,1595212,47107498.4900,3,6.111923,1,1.548500,19.001545,1.119479,17.373427,5.178294,0
2011-06-27,sz.002588,30.0900,31.8800,30.0900,30.6000,29.5100,1893728,58182437.6500,3,7.255663,1,3.693700,19.703398,1.160829,18.015143,5.369563,0
2011-06-28,sz.002588,30.6600,30.6900,29.9100,30.3100,30.6000,908799,27481630.8200,3,3.481989,1,-0.947700,19.516667,1.149828,17.844411,5.318675,0
2011-06-29,sz.002588,30.3000,31.1900,30.0200,30.4000,30.3100,1446106,44367628.4000,3,5.540636,1,0.296900,19.574618,1.153242,17.897397,5.334468,0
2011-06-30,sz.002588,30.3800,31.2000,30.1100,31.1200,30.4000,1265990,39024775.8100,3,4.850536,1,2.368400,20.038227,1.180556,18.321282,5.460811,0
2011-07-01,sz.002588,31.5000,31.6500,31.0300,31.2600,31.1200,873254,27375234.2500,3,3.345801,1,0.449900,20.128374,1.185867,18.403705,5.485377,0
2011-07-04,sz.002588,31.2500,32.9500,31.2500,32.2500,31.2600,1385436,44495975.6700,3,5.308184,1,3.167000,20.765836,1.223423,18.986547,5.659098,0
2011-07-05,sz.002588,32.2000,32.9200,31.6300,32.0800,32.2500,980496,31680751.0700,3,3.756690,1,-0.527100,20.656373,1.216974,18.886463,5.629267,0
2011-07-06,sz.002588,31.8700,33.4500,31.8000,33.1100,32.0800,1303897,42917972.6100,3,4.995774,1,3.210700,21.319592,1.256048,19.492855,5.810008,0
2011-07-07,sz.002588,33.1600,35.0900,33.1600,35.0000,33.1100,3722197,128817906.1200,3,14.261291,1,5.708200,22.536567,1.327746,20.605555,6.141657,0
2011-07-08,sz.002588,34.6300,34.9400,34.0800,34.6600,35.0000,1193525,41263457.0400,3,4.572893,1,-0.971429,22.317640,1.314848,20.405387,6.081995,0
2011-07-11,sz.002588,34.5900,35.1400,34.3100,34.9400,34.6600,952761,33153278.4100,3,3.650425,1,0.807800,22.497933,1.325470,20.570232,6.131129,0
2011-07-12,sz.002588,35.2500,35.2800,34.0200,34.2000,34.9400,2284316,79142017.5700,3,8.752169,1,-2.117900,22.021445,1.297397,20.134571,6.001276,0
2011-07-13,sz.002588,34.5000,35.1400,34.2000,34.9200,34.2000,2073890,72185652.0700,3,7.945939,1,2.105300,22.485054,1.324711,20.558457,6.127619,0
2011-07-14,sz.002588,34.9800,35.3500,34.6500,35.3000,34.9200,2599444,91223401.3500,3,9.959556,1,1.088200,22.729737,1.339127,20.782174,6.194300,0
2011-07-15,sz.002588,35.3700,36.1000,34.9200,35.7000,35.3000,3288490,117218174.9600,3,12.599579,1,1.133100,22.987298,1.354301,21.017666,6.264490,0
2011-07-18,sz.002588,35.5500,35.8700,34.8000,35.1300,35.7000,1741104,61413679.2700,3,6.670897,1,-1.596600,22.620274,1.332677,20.682090,6.164469,0
2011-07-19,sz.002588,35.0500,35.0500,33.6000,33.9000,35.1300,2114132,72016121.5000,3,8.100123,1,-3.501300,21.828275,1.286017,19.957952,5.948634,0
2011-07-20,sz.002588,34.0900,34.7500,33.4200,34.7400,33.9000,1352766,46239210.1300,3,5.183011,1,2.477900,22.369152,1.317883,20.452486,6.096033,0
2011-07-21,sz.002588,34.6600,35.2800,34.5000,34.8500,34.7400,1405737,49072978.4800,3,5.385966,1,0.316600,22.439981,1.322055,20.517246,6.115336,0
2011-07-22,sz.002588,35.0100,35.2000,34.6100,34.8900,34.8500,843662,29455277.7500,3,3.232421,1,0.114800,22.465737,1.323573,20.540795,6.122355,0
2011-07-25,sz.002588,34.5000,34.8400,33.1800,33.3000,34.8900,1400068,47564906.2100,3,5.364245,1,-4.557200,21.441933,1.263255,19.604714,5.843348,0
2011-07-26,sz.002588,33.1500,34.0500,33.1100,33.7800,33.3000,859628,28942708.6400,3,3.293594,1,1.441400,21.751006,1.281464,19.887305,5.927577,0
2011-07-27,sz.002588,33.7800,36.0800,33.4000,35.6500,33.7800,2772091,97825278.5600,3,10.621038,1,5.535800,22.955103,1.352404,20.988230,6.255716,0
2011-07-28,sz.002588,35.2500,36.4800,35.1000,35.4100,35.6500,2655387,95204294.1200,3,10.173897,1,-0.673200,22.800566,1.343299,20.846935,6.213602,0
2011-07-29,sz.002588,35.7100,36.4700,35.4700,35.8500,35.4100,3041285,109618096.6700,3,11.652433,1,1.242600,23.083883,1.359991,21.105976,6.290812,0
2011-08-01,sz.002588,36.0100,38.8900,35.9900,37.9300,35.8500,6652303,251289892.9900,3,25.487751,1,5.802000,21.921508,1.228750,4.882441,2.565086,0
2011-08-02,sz.002588,37.4100,40.5600,36.8800,40.2000,37.9300,6153422,238187446.1100,3,23.576330,1,5.984700,23.233447,1.302287,5.174641,2.718599,0
2011-08-03,sz.002588,39.5800,41.1800,39.2300,39.4800,40.2000,4701838,188396108.6900,3,18.014705,1,-1.791000,22.817325,1.278963,5.081961,2.669908,0
2011-08-04,sz.002588,39.3300,40.2900,38.5300,39.8800,39.4800,3599852,142011119.4000,3,13.792536,1,1.013200,23.048504,1.291921,5.133450,2.696958,0
2011-08-05,sz.002588,38.4800,39.9800,38.1000,38.2600,39.8800,3646382,142035777.9500,3,13.970812,1,-4.062200,22.112231,1.239441,4.924920,2.587403,0
2011-08-08,sz.002588,38.0000,38.9100,36.2000,37.1700,38.2600,3451930,130208086.8800,3,13.225785,1,-2.848900,21.482269,1.204130,4.784612,2.513690,0
2011-08-09,sz.002588,36.3100,40.8900,36.3100,40.0100,37.1700,6075531,237384839.6600,3,23.277897,1,7.640600,23.123637,1.296132,5.150184,2.705750,0
2011-08-10,sz.002588,40.6000,41.3600,39.5300,39.9200,40.0100,5135953,207986311.2600,3,19.677981,1,-0.224900,23.071622,1.293217,5.138599,2.699663,0
2011-08-11,sz.002588,39.4000,42.4700,39.2200,42.1100,39.9200,4830766,198686417.1300,3,18.508682,1,5.486000,24.337324,1.364162,5.420501,2.847766,0
2011-08-12,sz.002588,42.1000,43.2700,41.6000,42.6700,42.1100,3695695,156515233.9200,3,14.159751,1,1.329900,24.660974,1.382304,5.492586,2.885637,0
2011-08-15,sz.002588,42.6500,44.4800,42.3600,42.7700,42.6700,3474179,150822898.4000,3,13.311031,1,0.234400,24.718769,1.385543,5.505458,2.892400,0
2011-08-16,sz.002588,42.6500,43.0000,41.8800,42.0000,42.7700,2529753,107220767.5400,3,9.692540,1,-1.800300,24.273750,1.360599,5.406342,2.840327,0
2011-08-17,sz.002588,41.8500,43.4600,41.8500,42.8500,42.0000,2399595,102627562.5800,3,9.193851,1,2.023800,24.765005,1.388135,5.515756,2.897810,0
2011-08-18,sz.002588,42.7000,42.9900,41.6200,41.6500,42.8500,1843533,77544235.2700,3,7.063345,1,-2.800500,24.071469,1.349261,5.361289,2.816658,0
2011-08-19,sz.002588,40.8800,41.3900,39.7000,40.5600,41.6500,2649100,107253485.8400,3,10.149808,1,-2.617000,23.441507,1.313950,5.220981,2.742945,0
2011-08-22,sz.002588,40.6500,42.4800,40.2800,41.4000,40.5600,2159991,89466506.3100,3,8.275828,1,2.071000,23.926982,1.341162,5.329108,2.799751,0
2011-08-23,sz.002588,41.3500,44.7000,41.0600,44.7000,41.4000,3633022,156433589.8600,3,13.919625,1,7.971000,25.834206,1.448066,5.753892,3.022920,0
2011-08-24,sz.002588,44.7000,44.9900,43.4000,43.7000,44.7000,2803396,124417903.8400,3,10.740981,1,-2.237100,25.256259,1.415671,5.625170,2.955293,0
2011-08-25,sz.002588,43.7500,44.2800,42.7900,43.9200,43.7000,2220168,96611724.4600,3,8.506391,1,0.503400,25.383407,1.422798,5.653489,2.970171,0
2011-08-26,sz.002588,43.7000,45.6700,43.3000,44.5000,43.9200,2477000,110968530.3600,3,9.490421,1,1.320587,25.718616,1.441587,5.728148,3.009394,0
2011-08-29,sz.002588,44.1100,44.7400,43.5500,43.9500,44.5000,1668160,73431149.3900,3,6.391418,1,-1.236000,25.400746,1.423770,5.657350,2.972200,0
2011-08-30,sz.002588,43.9500,43.9500,43.9500,43.9500,43.9500,0,0.0000,3,,0,0.000000,25.400746,1.423770,5.657350,2.972200,0
2011-08-31,sz.002588,42.9100,43.1900,41.7300,42.6500,43.9500,2118935,89688681.1200,3,8.118525,1,-2.957900,24.649415,1.381656,5.490011,2.884285,0
2011-09-01,sz.002588,42.5900,43.7000,42.0800,42.7100,42.6500,1734548,74363275.4700,3,6.645778,1,0.140700,24.684092,1.383599,5.497735,2.888342,0
2011-09-02,sz.002588,42.6800,42.8600,41.4200,41.7100,42.7100,1286966,53971549.6500,3,4.930904,1,-2.341400,24.106146,1.351204,5.369012,2.820716,0
2011-09-05,sz.002588,41.0000,41.0200,39.0000,39.2000,41.7100,1931931,77268822.2400,3,7.402034,1,-6.017700,22.655500,1.269892,5.045919,2.650972,0
2011-09-06,sz.002588,38.7000,39.7300,38.4000,38.9000,39.2000,1293914,50471398.7700,3,4.957525,1,-0.765300,22.482116,1.260174,5.007302,2.630684,0
2011-09-07,sz.002588,39.2000,40.1000,39.1100,40.0900,38.9000,1644519,65218599.6400,3,6.300839,1,3.059100,23.169873,1.298724,5.160482,2.711160,0
2011-09-08,sz.002588,40.1800,40.2300,38.2100,38.2300,40.0900,1656229,64864954.8500,3,6.345705,1,-4.639563,22.094892,1.238469,4.921058,2.585374,0
2011-09-09,sz.002588,38.0700,39.4800,38.0100,38.5000,38.2300,1194790,46411842.7600,3,4.577739,1,0.706300,22.250938,1.247216,4.955813,2.603633,0
2011-09-13,sz.002588,37.9000,39.5000,36.9500,37.2400,38.5000,2928931,111318234.0500,3,9.012095,1,-3.272700,21.522725,1.206398,4.793623,2.518424,0
2011-09-14,sz.002588,37.7900,38.7100,36.9200,38.5000,37.2400,3542719,133075943.8700,3,10.900674,1,3.383500,22.250938,1.247216,4.955813,2.603633,0
2011-09-15,sz.002588,38.2500,38.8000,38.2000,38.4600,38.5000,2247294,86543382.5300,3,6.914751,1,-0.103900,22.227820,1.245920,4.950664,2.600928,0
2011-09-16,sz.002588,38.6100,38.9500,37.6500,37.6600,38.4600,1548936,59349028.2100,3,4.765957,1,-2.080100,21.765463,1.220004,4.847686,2.546827,0
2011-09-19,sz.002588,37.1800,37.2300,35.6000,35.7100,37.6600,2387518,86359215.6700,3,7.346209,1,-5.177900,20.638467,1.156833,4.596678,2.414954,0
2011-09-20,sz.002588,35.7000,36.6600,35.6500,35.9400,35.7100,1488587,53695026.5300,3,4.580268,1,0.644100,20.771395,1.164284,4.626284,2.430509,0
2011-09-21,sz.002588,35.8600,38.3000,35.8000,37.8700,35.9400,2475799,92153984.2800,3,7.617843,1,5.370100,21.886831,1.226807,4.874718,2.561028,0
2011-09-22,sz.002588,37.5000,38.2600,36.4700,36.4700,37.8700,2422873,90830234.3200,3,7.454994,1,-3.696900,21.077706,1.181453,4.694507,2.466351,0
2011-09-23,sz.002588,35.6600,36.5600,35.3700,36.2400,36.4700,2042703,73294171.6200,3,6.285240,1,-0.630700,20.944779,1.174002,4.664901,2.450797,0
2011-09-26,sz.002588,35.8700,37.1500,35.6800,36.1100,36.2400,1687052,61587190.7000,3,5.190929,1,-0.358700,20.869646,1.169791,4.648167,2.442005,0
2011-09-27,sz.002588,36.5900,36.7800,35.1700,35.7400,36.1100,1962945,70675879.9400,3,6.039831,1,-1.024600,20.655806,1.157805,4.600539,2.416983,0
2011-09-28,sz.002588,36.2300,36.2300,34.8800,35.0500,35.7400,1517424,54032297.2300,3,4.668997,1,-1.930600,20.257023,1.135452,4.511721,2.370321,0
2011-09-29,sz.002588,34.6000,34.7500,33.5300,33.9600,35.0500,1889340,64464515.6000,3,5.813354,1,-3.109800,19.627061,1.100141,4.371413,2.296607,0
2011-09-30,sz.002588,34.0500,34.3800,33.0100,33.5000,33.9600,1361643,45731580.1000,3,4.189671,1,-1.354500,19.361206,1.085240,4.312201,2.265499,0
2011-10-10,sz.002588,33.8100,34.5600,33.6200,34.0000,33.5000,1136521,38707898.4700,3,3.496988,1,1.492500,19.650179,1.101437,4.376562,2.299313,0
2011-10-11,sz.002588,35.2300,35.4800,33.8300,34.7800,34.0000,2044202,71218049.5700,3,6.289852,1,2.294100,20.100977,1.126705,4.476966,2.352062,0
2011-10-12,sz.002588,34.3000,37.6800,33.7500,37.2000,34.7800,3233285,117097331.6200,3,9.948569,1,6.958000,21.499607,1.205102,4.788474,2.515718,0
2011-10-13,sz.002588,37.2000,37.7400,36.8000,37.5800,37.2000,2518739,94144912.1000,3,7.749966,1,1.021500,21.719227,1.217412,4.837389,2.541417,0
2011-10-14,sz.002588,37.2200,38.9400,37.0700,38.7800,37.5800,3259402,124598918.6300,3,10.028929,1,3.193200,22.412763,1.256286,4.991855,2.622569,0
2011-10-17,sz.002588,38.8000,39.2800,38.1000,38.3100,38.7800,2078335,80217995.6300,3,6.394877,1,-1.212000,22.141128,1.241061,4.931356,2.590784,0
2011-10-18,sz.002588,38.3100,38.3100,38.3100,38.3100,38.3100,0,0.0000,3,,0,0.000000,22.141128,1.241061,4.931356,2.590784,0
2011-10-19,sz.002588,37.0500,38.8500,36.5100,38.5000,38.3100,3144365,117637678.2700,3,9.674969,1,0.496000,22.250938,1.247216,4.955813,2.603633,0
2011-10-20,sz.002588,38.0000,38.4700,36.4500,37.0000,38.5000,2263497,84158619.9600,3,6.964606,1,-3.896100,21.384018,1.198623,4.762730,2.502193,0
2011-10-21,sz.002588,37.1200,37.8600,36.0400,36.2000,37.0000,2337657,86719881.5000,3,7.192791,1,-2.162200,18.001692,1.049021,4.107468,2.353876,0
2011-10-24,sz.002588,36.4800,38.3800,34.9800,38.1000,36.2000,2568989,94143779.5100,3,7.904582,1,5.248600,18.946532,1.104080,4.323053,2.477422,0
2011-10-25,sz.002588,37.9000,39.8000,37.6900,39.3800,38.1000,3473848,134792306.3700,3,10.688763,1,3.359600,19.583056,1.141172,4.468289,2.560653,0
2011-10-26,sz.002588,38.9500,39.7000,38.6500,38.6600,39.3800,2697974,105747750.1600,3,8.301458,1,-1.828300,19.225012,1.120308,4.386594,2.513835,0
2011-10-27,sz.002588,38.8100,40.2000,38.8000,38.9900,38.6600,2710658,107021016.1000,3,8.340486,1,0.853600,19.389115,1.129871,4.424038,2.535293,0
2011-10-28,sz.002588,39.7300,40.1000,39.3700,39.9800,38.9900,2486727,98837328.0000,3,7.651468,1,2.539100,19.881427,1.158559,4.536369,2.599667,0
2011-10-31,sz.002588,39.8800,40.7500,39.6600,40.0500,39.9800,1982675,79724496.1800,3,6.100538,1,0.175100,19.916237,1.160588,4.544312,2.604219,0
2011-11-01,sz.002588,39.7000,40.1000,38.8000,39.2700,40.0500,2030100,80003752.5400,3,6.246462,1,-1.947600,19.528355,1.137985,4.455808,2.553500,0
2011-11-02,sz.002588,38.6000,40.2400,38.2800,40.0400,39.2700,2570230,100572381.2200,3,7.908400,1,1.960800,19.911264,1.160298,4.543177,2.603569,0
2011-11-03,sz.002588,40.1000,40.5400,39.3000,39.4000,40.0400,2746557,109850770.4400,3,8.450945,1,-1.598400,19.593002,1.141752,4.470559,2.561953,0
2011-11-04,sz.002588,39.5700,40.2000,39.3500,39.9000,39.4000,1975731,78601735.5700,3,6.079172,1,1.269000,19.841644,1.156241,4.527292,2.594465,0
2011-11-07,sz.002588,39.8000,40.0800,39.0600,39.2000,39.9000,1615324,63839259.6000,3,4.970228,1,-1.754400,19.493545,1.135956,4.447866,2.548948,0
2011-11-08,sz.002588,39.3000,40.1500,39.0600,39.6200,39.2000,2051363,81482465.2200,3,6.311886,1,1.071400,19.702405,1.148127,4.495521,2.576259,0
2011-11-09,sz.002588,39.6600,41.4800,39.4600,41.4500,39.6200,2877820,117059110.3500,3,8.854831,1,4.618900,20.612435,1.201158,4.703164,2.695253,0
2011-11-10,sz.002588,41.0500,41.4000,40.4900,40.5000,41.4500,2468024,100950049.1100,3,7.593920,1,-2.291900,20.140015,1.173628,4.595371,2.633480,0
2011-11-11,sz.002588,40.5900,41.1800,40.3000,40.6500,40.5000,1451798,59157760.3200,3,4.467071,1,0.370400,20.214607,1.177975,4.612391,2.643234,0
2011-11-14,sz.002588,41.4000,42.5700,41.0100,42.2800,40.6500,2581688,108560535.9200,3,7.943655,1,4.009800,21.025181,1.225210,4.797341,2.749223,0
2011-11-15,sz.002588,42.1400,43.2800,42.0200,42.3000,42.2800,2508317,106856773.7100,3,7.717898,1,0.047300,21.035127,1.225789,4.799610,2.750523,0
2011-11-16,sz.002588,42.2800,42.4300,40.7000,40.9000,42.3000,2641497,109811008.2400,3,8.127683,1,-3.309700,20.338929,1.185220,4.640758,2.659490,0
2011-11-17,sz.002588,40.9100,43.7900,40.9100,42.9900,40.9000,3407276,144889781.5900,3,10.483926,1,5.110000,21.378253,1.245785,4.877902,2.795390,0
2011-11-18,sz.002588,42.5700,43.4800,42.0000,42.2800,42.9900,2902022,123962818.4600,3,8.929298,1,-1.651500,21.025181,1.225210,4.797341,2.749223,0
2011-11-21,sz.002588,42.3800,43.7800,41.7100,43.6800,42.2800,2298238,97994896.3700,3,7.071502,1,3.311300,21.721379,1.265780,4.956193,2.840257,0
2011-11-22,sz.002588,43.1000,44.3800,42.7100,44.1100,43.6800,2532977,109954053.0400,3,7.793775,1,0.984400,21.935211,1.278240,5.004983,2.868217,0
2011-11-23,sz.002588,44.5900,45.2200,43.9000,44.1600,44.1100,3191287,142009293.9600,3,9.819345,1,0.113400,21.960075,1.279689,5.010657,2.871468,0
2011-11-24,sz.002588,43.6500,46.0000,43.2000,45.9500,44.1600,3670570,164634490.3200,3,11.294062,1,4.053400,22.850214,1.331561,5.213761,2.987862,0
2011-11-25,sz.002588,45.5100,46.4400,45.0100,45.9600,45.9500,3192435,145981326.1500,3,9.822877,1,0.021800,22.855187,1.331851,5.214895,2.988512,0
2011-11-28,sz.002588,45.7000,46.0000,44.7000,45.3900,45.9600,2214471,100242152.1100,3,6.813757,1,-1.240200,22.571735,1.315333,5.150220,2.951448,0
2011-11-29,sz.002588,45.8000,45.9000,44.0300,44.3200,45.3900,3174995,141680565.0700,3,9.769215,1,-2.357300,22.039641,1.284326,5.028811,2.881872,0
2011-11-30,sz.002588,44.3200,44.3600,40.4600,41.6000,44.3200,4336531,183724560.2000,3,13.343172,1,-6.137200,20.687028,1.205505,4.720184,2.705007,0
2011-12-01,sz.002588,43.0000,44.3800,41.7900,41.7900,41.6000,4852444,209370819.8400,3,14.930597,1,0.456700,20.781512,1.211010,4.741742,2.717361,0
2011-12-02,sz.002588,41.0000,41.7000,40.2300,41.5000,41.7900,2227982,91245736.4600,3,6.855329,1,-0.693900,20.637299,1.202607,4.708837,2.698504,0
2011-12-05,sz.002588,41.0000,41.4900,39.9000,40.0000,41.5000,1852883,75388443.5400,3,5.701178,1,-3.614500,19.891373,1.159139,4.538638,2.600968,0
2011-12-06,sz.002588,39.9200,41.4800,39.7700,41.2200,40.0000,2491042,101878684.2200,3,7.664745,1,3.050000,20.498059,1.194493,4.677067,2.680297,0
2011-12-07,sz.002588,41.0000,41.8900,40.9000,41.5300,41.2200,1962278,81457450.2100,3,6.037778,1,0.752100,20.652218,1.203476,4.712241,2.700455,0
2011-12-08,sz.002588,41.2900,42.7700,40.3100,42.4000,41.5300,2912740,121737915.6500,3,8.962277,1,2.094900,21.084855,1.228687,4.810957,2.757026,0
2011-12-09,sz.002588,42.0000,43.2000,41.8000,42.4900,42.4000,1941077,82743037.0700,3,5.972545,1,0.212300,21.129611,1.231295,4.821169,2.762878,0
2011-12-12,sz.002588,42.3000,42.7900,41.4600,41.5000,42.4900,1525176,64115362.6000,3,4.692849,1,-2.330000,20.637299,1.202607,4.708837,2.698504,0
2011-12-13,sz.002588,41.0100,41.2400,39.6800,40.0000,41.5000,1880132,75567504.6900,3,5.785022,1,-3.614500,19.891373,1.159139,4.538638,2.600968,0
2011-12-14,sz.002588,39.7800,40.5200,38.4000,38.5800,40.0000,1630946,64392474.5900,3,5.018295,1,-3.550000,19.185229,1.117990,4.377517,2.508633,0
2011-12-15,sz.002588,37.8300,39.5000,37.8300,38.7100,38.5800,1825784,70662299.0600,3,5.617797,1,0.337000,19.249876,1.121757,4.392267,2.517087,0
2011-12-16,sz.002588,38.9900,39.4000,36.7000,39.2100,38.7100,2185027,84051244.1700,3,6.723160,1,1.291700,19.498518,1.136246,4.449000,2.549599,0
2011-12-19,sz.002588,38.6000,39.5400,37.5100,39.4500,39.2100,2116463,81372236.0900,3,6.512194,1,0.612100,19.617866,1.143201,4.476232,2.565204,0
2011-12-20,sz.002588,39.1800,39.8800,38.7500,38.7500,39.4500,1571514,61668477.4100,3,4.835428,1,-1.774400,19.269767,1.122916,4.396806,2.519688,0
2011-12-21,sz.002588,39.1600,39.1800,36.9000,36.9200,38.7500,1779560,67957866.0000,3,5.475569,1,-4.722600,18.359737,1.069885,4.189163,2.400693,0
2011-12-22,sz.002588,36.2000,37.3000,35.1800,36.5500,36.9200,1646493,59594480.6000,3,5.066132,1,-1.002200,18.175742,1.059163,4.147181,2.376634,0
2011-12-23,sz.002588,36.3000,37.6000,36.0200,37.0700,36.5500,1343113,49705186.4800,3,4.132655,1,1.422700,18.434330,1.074232,4.206183,2.410447,0
2011-12-26,sz.002588,36.8100,37.6800,36.4700,36.4700,37.0700,842010,31229169.8000,3,2.590800,1,-1.618600,18.135959,1.056845,4.138103,2.371432,0
2011-12-27,sz.002588,36.1100,36.4500,34.7800,34.9600,36.4700,1504883,53384884.7700,3,4.630409,1,-4.140400,17.385060,1.013087,3.966770,2.273246,0
2011-12-28,sz.002588,34.5100,35.2000,33.5800,34.9200,34.9600,1429632,49116774.2000,3,4.398868,1,-0.114400,17.365168,1.011928,3.962231,2.270645,0
2011-12-29,sz.002588,34.7700,35.8000,34.5000,35.6400,34.9200,1347893,47451730.2000,3,4.147363,1,2.061900,17.723213,1.032793,4.043927,2.317462,0
2011-12-30,sz.002588,36.0900,36.6600,35.9000,36.0000,35.6400,1590490,57650358.2700,3,4.893815,1,1.010100,17.902235,1.043225,4.084774,2.340871,0
2012-01-04,sz.002588,36.3100,36.3600,34.1800,34.3400,36.0000,1770577,62420829.7200,3,5.447929,1,-4.611100,17.076743,0.995121,3.896421,2.232931,0
2012-01-05,sz.002588,33.7500,34.4900,33.0400,33.3700,34.3400,1472227,49689173.8700,3,4.529929,1,-2.824700,16.594378,0.967012,3.786359,2.169857,0
2012-01-06,sz.002588,33.3800,35.1000,33.1000,34.9100,33.3700,1683536,57367524.8500,3,5.180111,1,4.614900,17.360195,1.011639,3.961097,2.269995,0
2012-01-09,sz.002588,34.7200,36.8300,34.2200,36.6500,34.9100,2354348,84286499.5200,3,7.244148,1,4.984200,18.225470,1.062061,4.158527,2.383137,0
2012-01-10,sz.002588,36.5100,37.7900,36.3000,37.2600,36.6500,2443639,90625182.4000,3,7.518889,1,1.664400,18.528814,1.079738,4.227742,2.422802,0
2012-01-11,sz.002588,37.1300,37.8800,36.9000,37.1000,37.2600,1670621,62256071.9400,3,5.140372,1,-0.429400,18.449248,1.075101,4.209587,2.412398,0
2012-01-12,sz.002588,36.8200,37.7400,36.8100,37.0000,37.1000,1287029,47971365.5700,3,3.960089,1,-0.269500,18.399520,1.072204,4.198240,2.405895,0
2012-01-13,sz.002588,37.0000,37.4000,34.7000,35.5100,37.0000,1929799,69621491.3500,3,5.937843,1,-4.027000,17.658566,1.029026,4.029176,2.309009,0
2012-01-16,sz.002588,35.2000,36.3800,34.9000,35.0800,35.5100,1451682,51689099.2900,3,4.466714,1,-1.210900,17.444734,1.016565,3.980386,2.281049,0
2012-01-17,sz.002588,35.2000,38.1500,35.2000,37.8900,35.0800,1784184,65459261.0400,3,5.489797,1,8.010300,18.842103,1.097994,4.299225,2.463767,0
2012-01-18,sz.002588,37.9800,37.9900,36.1000,36.1400,37.8900,1878798,69720254.6900,3,5.780917,1,-4.618600,17.971855,1.047282,4.100660,2.349974,0
2012-01-19,sz.002588,36.0900,37.0800,35.8000,36.8000,36.1400,996781,36478878.5800,3,3.067018,1,1.826200,18.300063,1.066408,4.175547,2.392890,0
2012-01-20,sz.002588,36.7500,37.5600,36.7100,36.8000,36.8000,1132570,42125322.9400,3,3.484831,1,0.000000,18.300063,1.066408,4.175547,2.392890,0
2012-01-30,sz.002588,36.9500,37.7800,36.0300,37.0600,36.8000,1282754,47681139.7000,3,3.946935,1,0.706500,18.429357,1.073942,4.205048,2.409797,0
2012-01-31,sz.002588,36.9900,37.2700,36.5500,36.9900,37.0600,906146,33386440.1800,3,2.788142,1,-0.188900,18.394547,1.071914,4.197106,2.405245,0
2012-02-01,sz.002588,37.2000,38.1000,37.2000,37.3900,36.9900,1619962,61057065.4400,3,4.984498,1,1.081400,18.593461,1.083505,4.242492,2.431255,0
2012-02-02,sz.002588,37.4100,37.9700,37.2100,37.9400,37.3900,1313948,49420705.7500,3,4.042917,1,1.471000,18.866967,1.099443,4.304898,2.467018,0
2012-02-03,sz.002588,37.9100,38.9200,37.7900,38.5200,37.9400,1827674,70142294.8300,3,5.623612,1,1.528700,19.155392,1.116251,4.370709,2.504732,0
2012-02-06,sz.002588,38.5500,38.7800,38.0000,38.5600,38.5200,1444290,55312379.3700,3,4.443969,1,0.103800,19.175283,1.117410,4.375247,2.507333,0
2012-02-07,sz.002588,38.3400,38.3400,37.1900,37.3400,38.5600,1187276,44625649.8900,3,3.653157,1,-3.163900,18.568596,1.082056,4.236819,2.428003,0
2012-02-08,sz.002588,37.3400,38.4500,37.2200,38.4100,37.3400,1281911,48561566.3300,3,3.944342,1,2.865600,19.100691,1.113063,4.358227,2.497579,0
2012-02-09,sz.002588,38.3200,38.5900,37.8600,38.1200,38.4100,1393400,53295399.3100,3,4.287385,1,-0.755000,18.956478,1.104659,4.325322,2.478722,0
2012-02-10,sz.002588,38.2000,38.9200,38.1000,38.5000,38.1200,1299669,50094799.6700,3,3.998982,1,0.996900,19.145446,1.115671,4.368439,2.503432,0
2012-02-13,sz.002588,38.0500,39.1000,38.0500,38.7800,38.5000,1416060,54812939.9400,3,4.357108,1,0.727300,19.284686,1.123785,4.400210,2.521638,0
2012-02-14,sz.002588,38.7300,39.1500,38.3100,39.1000,38.7800,1329606,51610738.5500,3,4.091095,1,0.825200,19.443817,1.133058,4.436519,2.542446,0
2012-02-15,sz.002588,39.0100,39.6800,39.0000,39.3700,39.1000,1351090,53149580.3100,3,4.157200,1,0.690500,19.578084,1.140883,4.467155,2.560003,0
2012-02-16,sz.002588,39.3700,39.5200,38.3300,38.8000,39.3700,1257524,48992382.2400,3,3.869305,1,-1.447800,19.294631,1.124365,4.402479,2.522939,0
2012-02-17,sz.002588,38.8000,38.9700,38.3400,38.8000,38.8000,952112,36769467.2300,3,2.929575,1,0.000000,19.294631,1.124365,4.402479,2.522939,0
2012-02-20,sz.002588,39.3000,39.3300,38.3000,38.3800,38.8000,1199264,46514994.2800,3,3.690043,1,-1.082500,19.085772,1.112194,4.354823,2.495629,0
2012-02-21,sz.002588,38.3100,38.8700,38.1600,38.8400,38.3800,1127942,43479027.9500,3,3.470591,1,1.198500,19.314523,1.125524,4.407018,2.525540,0
2012-02-22,sz.002588,39.1100,40.4700,38.8600,40.2200,38.8400,2517702,100618593.0000,3,7.746775,1,3.553000,20.000775,1.165514,4.563601,2.615273,0
2012-02-23,sz.002588,40.2500,40.4500,39.7000,40.0000,40.2200,1336440,53535713.7600,3,4.112123,1,-0.547000,19.891373,1.159139,4.538638,2.600968,0
2012-02-24,sz.002588,40.3500,40.5800,40.0800,40.5100,40.0000,1223024,49372059.6600,3,3.763151,1,1.275000,20.144988,1.173918,4.596506,2.634130,0
2012-02-27,sz.002588,40.3200,41.3700,40.2100,40.2200,40.5100,1589014,64688725.5000,3,4.889274,1,-0.715900,20.000775,1.165514,4.563601,2.615273,0
2012-02-28,sz.002588,39.9800,40.9000,39.5800,40.8100,40.2200,1503366,60195660.0100,3,4.625742,1,1.466900,20.294173,1.182612,4.630546,2.653637,0
2012-02-29,sz.002588,40.3700,40.7400,39.7800,39.8500,40.8100,1270298,50900906.5600,3,3.908609,1,-2.352400,20.941011,1.133943,4.521618,2.591214,0
2012-03-01,sz.002588,39.7000,40.1400,39.4000,39.7900,39.8500,860893,34211662.0200,3,2.648902,1,-0.150600,20.909481,1.132235,4.514810,2.587313,0
2012-03-02,sz.002588,40.0000,40.7200,39.8900,40.6500,39.7900,1118336,45167154.3600,3,3.441034,1,2.161300,21.361408,1.156707,4.612391,2.643234,0
2012-03-05,sz.002588,40.8000,41.9100,40.3500,41.3400,40.6500,2048554,83942414.1400,3,6.303243,1,1.697400,21.724000,1.176341,4.690683,2.688100,0
2012-03-06,sz.002588,41.0400,42.5500,40.8100,41.7200,41.3400,2110816,88172438.6600,3,6.494818,1,0.919200,21.923688,1.187154,4.733800,2.712809,0
2012-03-07,sz.002588,41.1400,41.9300,40.9500,41.0100,41.7200,1356618,56063068.1100,3,4.174209,1,-1.701800,21.550586,1.166951,4.653239,2.666642,0
2012-03-08,sz.002588,41.1900,41.5800,41.0100,41.3000,41.0100,1088011,44898606.4600,3,3.347726,1,0.707100,21.702980,1.175203,4.686144,2.685499,0
2012-03-09,sz.002588,41.3200,41.9700,41.0000,41.8400,41.3000,1165542,48507680.1800,3,3.586283,1,1.307500,21.986748,1.190569,4.747416,2.720612,0
2012-03-12,sz.002588,41.6900,42.4800,41.5500,42.2500,41.8400,1163086,48930863.8200,3,3.578726,1,0.979900,22.202201,1.202235,4.793937,2.747272,0
2012-03-13,sz.002588,42.0300,42.5600,41.8000,42.3800,42.2500,1193148,50310619.0600,3,3.671225,1,0.307700,22.270516,1.205935,4.808687,2.755725,0
2012-03-14,sz.002588,42.4800,42.6400,39.7600,40.0100,42.3800,2570043,106176503.3700,3,7.907825,1,-5.592300,21.025091,1.138496,4.539773,2.601618,0
2012-03-15,sz.002588,40.1100,40.4800,39.2500,39.7000,40.0100,1787285,71283578.8100,3,5.499338,1,-0.774800,20.862187,1.129674,4.504599,2.581461,0
2012-03-16,sz.002588,39.9500,40.8500,39.9000,40.7300,39.7000,1462695,59012979.7400,3,4.500600,1,2.594500,21.403448,1.158983,4.621468,2.648435,0
2012-03-19,sz.002588,40.7600,42.4500,40.7600,42.3600,40.7300,1954204,82018851.3200,3,6.012935,1,4.002000,22.260006,1.205365,4.806418,2.754425,0
2012-03-20,sz.002588,42.2000,42.3300,41.6000,41.6800,42.3600,1306490,54766263.9400,3,4.019969,1,-1.605300,21.902669,1.186016,4.729261,2.710208,0
2012-03-21,sz.002588,41.8400,42.3000,40.3800,41.4800,41.6800,1280762,53072948.7300,3,3.940806,1,-0.479800,21.797569,1.180325,4.706568,2.697204,0
2012-03-22,sz.002588,41.4300,43.2000,41.0900,42.7600,41.4800,2125497,90597755.8700,3,6.539991,1,3.085800,22.470204,1.216748,4.851804,2.780435,0
2012-03-23,sz.002588,42.7500,43.1900,41.9000,42.5000,42.7600,1716438,72935073.0200,3,5.281348,1,-0.608000,22.333575,1.209349,4.822303,2.763528,0
2012-03-26,sz.002588,42.5500,42.7600,38.2500,38.6300,42.5000,3961452,156168523.8100,3,12.189083,1,-9.105900,20.299906,1.099227,4.383190,2.511885,0
2012-03-27,sz.002588,38.3800,38.7800,37.2000,37.6900,38.6300,3248682,123194466.8600,3,9.995945,1,-2.433300,19.959298,1.072479,5.024811,2.404751,0
2012-03-28,sz.002588,37.5000,37.7000,36.7000,36.8900,37.6900,2193546,81364728.2400,3,6.749372,1,-2.122600,19.535646,1.049715,4.918155,2.353709,0
2012-03-29,sz.002588,36.6000,37.0000,35.3000,36.7300,36.8900,1604188,58526899.1500,3,4.935963,1,-0.433700,19.450916,1.045162,4.896824,2.343500,0
2012-03-30,sz.002588,36.4100,36.9300,35.7000,35.7800,36.7300,948646,34333930.8600,3,2.918911,1,-2.586400,18.947829,1.018130,4.770171,2.282887,0
2012-04-05,sz.002588,35.9200,36.6800,35.8000,36.5700,35.7800,1116169,40637216.1100,3,3.434366,1,2.207900,19.366186,1.040609,4.875493,2.333292,0
2012-04-06,sz.002588,36.6000,36.9400,36.3000,36.4800,36.5700,973005,35561956.0600,3,2.993862,1,-0.246100,19.318525,1.038048,4.863494,2.327549,0
2012-04-09,sz.002588,36.4100,36.5500,35.8000,35.9000,36.4800,1006936,36459436.0300,3,3.098265,1,-1.589900,19.011377,1.021544,4.786169,2.290543,0
2012-04-10,sz.002588,35.7900,36.1700,34.4700,35.7000,35.9000,900906,31718786.0700,3,2.772018,1,-0.557100,18.905464,1.015853,4.759505,2.277783,0
2012-04-11,sz.002588,35.0000,36.9500,34.7000,36.9000,35.7000,1445434,52539170.4700,3,4.447489,1,3.361300,19.540942,1.050000,4.919488,2.354347,0
2012-04-12,sz.002588,36.8800,37.2300,36.5300,37.2200,36.9000,939589,34723529.4100,3,2.891043,1,0.867200,19.710403,1.059105,4.962151,2.374764,0
2012-04-13,sz.002588,37.2200,37.2900,36.8200,37.0300,37.2200,1021630,37861898.9500,3,3.143477,1,-0.510500,19.609785,1.053699,4.936820,2.362641,0
2012-04-16,sz.002588,36.8500,37.4000,36.5300,37.0500,37.0300,685031,25347886.5700,3,2.107788,1,0.054000,19.620377,1.054268,4.939486,2.363917,0
2012-04-17,sz.002588,37.3700,37.3700,36.6000,36.6100,37.0500,720346,26521645.5000,3,2.216449,1,-1.187600,18.145558,0.966779,4.025461,2.275640,0
2012-04-18,sz.002588,36.7200,37.3900,36.6300,37.3100,36.6100,1108082,41184714.6000,3,3.409483,1,1.912000,18.492509,0.985264,4.102430,2.319151,0
2012-04-19,sz.002588,37.3100,37.3100,37.3100,37.3100,37.3100,0,0.0000,3,,0,0.000000,18.492509,0.985264,4.102430,2.319151,0
2012-04-20,sz.002588,37.5000,37.7700,37.3100,37.5400,37.3100,1050452,39477504.7400,3,3.232160,1,0.616500,18.606508,0.991338,4.127720,2.333448,0
2012-04-23,sz.002588,37.5700,37.6700,36.6000,36.6000,37.5400,1008236,37421972.1800,3,3.102265,1,-2.504000,18.140601,0.966515,4.024362,2.275019,0
2012-04-24,sz.002588,36.0000,36.7800,34.7400,35.7000,36.6000,974374,34630878.2900,3,2.998074,1,-2.459000,17.694521,0.942748,3.925402,2.219076,0
2012-04-25,sz.002588,35.5000,35.7200,34.9100,35.5600,35.7000,794018,28145652.2300,3,2.443132,1,-0.392200,17.625131,0.939051,3.910008,2.210373,0
2012-04-26,sz.002588,35.6500,36.1100,35.6000,35.9900,35.5600,556426,19988335.7600,3,1.712080,1,1.209200,17.838258,0.950407,3.957289,2.237102,0
2012-04-27,sz.002588,36.0800,36.3000,35.9000,35.9400,35.9900,451612,16321810.6700,3,1.389575,1,-0.138900,17.813476,0.949086,3.951791,2.233994,0
2012-05-02,sz.002588,28.0000,28.0500,27.5000,27.8400,27.4900,991521,27560076.7700,3,2.346795,1,1.273200,17.938378,0.955741,3.979500,2.249658,0
2012-05-03,sz.002588,27.8300,27.9900,27.6600,27.8300,27.8400,707005,19661767.5800,3,1.673385,1,-0.035900,17.931935,0.955398,3.978071,2.248850,0
2012-05-04,sz.002588,27.6900,29.1900,27.6900,29.0400,27.8300,1791984,51382162.8500,3,4.241382,1,4.347800,18.711584,0.996937,4.151030,2.346626,0
2012-05-07,sz.002588,28.8000,29.4900,28.6800,29.1500,29.0400,1472563,42820830.1500,3,3.485356,1,0.378800,18.782462,1.000713,4.166754,2.355514,0
2012-05-08,sz.002588,29.3200,29.3200,28.6500,28.8600,29.1500,1118737,32306730.1600,3,2.647898,1,-0.994900,18.595603,0.990757,4.125301,2.332081,0
2012-05-09,sz.002588,28.4600,28.7000,28.0200,28.1500,28.8600,1070505,30325974.6000,3,2.533740,1,-2.460200,18.138123,0.966383,4.023812,2.274708,0
2012-05-10,sz.002588,27.9500,28.6300,27.9500,28.5800,28.1500,673131,19122805.2200,3,1.593209,1,1.527500,18.415189,0.981145,4.085277,2.309455,0
2012-05-11,sz.002588,28.5500,28.6900,28.0600,28.0800,28.5800,696209,19707909.0700,3,1.647832,1,-1.749500,18.093020,0.963980,4.013806,2.269051,0
2012-05-14,sz.002588,28.3800,29.2000,28.1700,28.8400,28.0800,1911181,55077650.1500,3,4.523505,1,2.706600,18.582717,0.990071,4.122442,2.330464,0
2012-05-15,sz.002588,28.7000,29.2700,28.4000,29.0200,28.8400,1139189,32913040.9400,3,2.696305,1,0.624100,18.698698,0.996250,4.148172,2.345010,0
2012-05-16,sz.002588,29.0000,29.2000,28.5000,28.5400,29.0200,757648,21794953.3900,3,1.793250,1,-1.654000,18.389415,0.979772,4.079559,2.306222,0
2012-05-17,sz.002588,28.3100,28.9000,28.3100,28.7200,28.5400,572196,16406237.4400,3,1.354310,1,0.630700,18.505396,0.985951,4.105289,2.320768,0
2012-05-18,sz.002588,28.4200,28.6200,27.9900,28.0900,28.7200,738642,20859837.1100,3,1.748265,1,-2.193600,18.099463,0.964323,4.015236,2.269859,0
2012-05-21,sz.002588,28.0000,28.5300,28.0000,28.2700,28.0900,621224,17585617.2300,3,1.470353,1,0.640800,18.215444,0.970503,4.040965,2.284405,0
2012-05-22,sz.002588,28.1500,29.0800,28.1300,29.0100,28.2700,1014959,29343793.2600,3,2.402270,1,2.617600,18.692254,0.995907,4.146742,2.344202,0
2012-05-23,sz.002588,28.9500,28.9900,28.5100,28.7100,29.0100,538342,15456857.5300,3,1.274182,1,-1.034100,18.498953,0.985608,4.103860,2.319960,0
2012-05-24,sz.002588,28.5300,29.1100,28.5300,28.8000,28.7100,540743,15614515.8700,3,1.279865,1,0.313500,18.556943,0.988697,4.116724,2.327232,0
2012-05-25,sz.002588,28.7700,28.8700,28.3000,28.4400,28.8000,359401,10235678.3200,3,0.850653,1,-1.250000,18.324981,0.976339,4.065265,2.298142,0
2012-05-28,sz.002588,28.3200,28.7200,27.0400,28.5600,28.4400,1049437,29310210.8000,3,2.483875,1,0.421900,18.402302,0.980458,4.082418,2.307839,0
2012-05-29,sz.002588,28.4000,28.6500,28.0200,28.5200,28.5600,998209,28308041.3700,3,2.362625,1,-0.140100,18.376528,0.979085,4.076701,2.304606,0
2012-05-30,sz.002588,28.3700,28.5500,28.2000,28.2300,28.5200,601037,17027009.1700,3,1.422573,1,-1.016800,18.189670,0.969129,4.035248,2.281172,0
2012-05-31,sz.002588,27.9400,28.2000,27.8300,27.9100,28.2300,779672,21822997.4000,3,1.845378,1,-1.133500,17.983482,0.958144,3.989506,2.255314,0
2012-06-01,sz.002588,28.0100,28.3500,27.7500,27.8800,27.9100,568013,15899676.9000,3,1.344409,1,-0.107500,17.964152,0.957114,3.985218,2.252890,0
2012-06-04,sz.002588,27.3600,27.4000,26.8500,26.8500,27.8800,1030484,27939999.8300,3,2.439015,1,-3.694400,17.300483,0.921754,3.837988,2.169659,0
2012-06-05,sz.002588,26.7500,27.0800,26.4200,26.4900,26.8500,708035,18833612.3900,3,1.675822,1,-1.340800,17.068522,0.909396,3.786529,2.140569,0
2012-06-06,sz.002588,26.5000,26.7000,26.1100,26.1800,26.4900,546031,14419036.4900,3,1.292381,1,-1.170300,16.868777,0.898753,3.742217,2.115519,0
2012-06-07,sz.002588,26.3500,26.5000,25.5500,25.8100,26.1800,1049943,27157402.3500,3,2.485072,1,-1.413300,16.630372,0.886051,3.689328,2.085620,0
2012-06-08,sz.002588,25.9700,25.9800,25.6000,25.7100,25.8100,492623,12721055.5200,3,1.165972,1,-0.387400,16.565938,0.882618,3.675034,2.077540,0
2012-06-11,sz.002588,25.5200,26.3900,25.5200,26.3100,25.7100,529581,13844106.8800,3,0.966248,1,2.333700,16.952541,0.903216,3.760799,2.126024,0
2012-06-12,sz.002588,26.1000,26.2800,26.0300,26.1600,26.3100,324514,8485171.1900,3,0.592092,1,-0.570100,16.855890,0.898067,3.739358,2.113903,0
2012-06-13,sz.002588,26.2100,26.9900,26.2100,26.5700,26.1600,1123769,29935569.5100,3,2.050374,1,1.567300,17.120069,0.912142,3.797964,2.147033,0
2012-06-14,sz.002588,26.5400,26.7600,26.3700,26.4000,26.5700,540645,14360641.2000,3,0.986434,1,-0.639800,17.010531,0.906306,3.773664,2.133296,0
2012-06-15,sz.002588,26.5000,26.6900,26.0000,26.2000,26.4000,409095,10755735.2300,3,0.746415,1,-0.757600,16.881664,0.899440,3.745076,2.117135,0
2012-06-18,sz.002588,26.3600,26.7500,26.3600,26.6200,26.2000,478442,12723384.1500,3,0.872942,1,1.603100,17.152286,0.913859,3.805111,2.151074,0
2012-06-19,sz.002588,26.6300,26.7200,26.2600,26.5400,26.6200,538414,14284568.7100,3,0.982364,1,-0.300500,17.100739,0.911112,3.793676,2.144609,0
2012-06-20,sz.002588,26.6800,26.7200,26.4900,26.5000,26.5400,406958,10805601.4600,3,0.742516,1,-0.150700,17.074965,0.909739,3.787958,2.141377,0
2012-06-21,sz.002588,26.5000,26.5100,25.9000,26.0200,26.5000,412936,10787889.7700,3,0.753423,1,-1.811300,16.765683,0.893261,3.719346,2.102590,0
2012-06-25,sz.002588,25.7700,26.1000,25.7400,25.7400,26.0200,343823,8903661.3600,3,0.627323,1,-1.076100,16.585268,0.883648,3.679322,2.079964,0
2012-06-26,sz.002588,25.6800,26.0100,25.6800,25.8900,25.7400,300219,7752864.2300,3,0.547765,1,0.582800,16.681919,0.888798,3.700764,2.092085,0
2012-06-27,sz.002588,25.9000,26.2300,25.8200,25.9700,25.8900,280798,7301028.0800,3,0.512330,1,0.309000,16.733466,0.891544,3.712199,2.098549,0
2012-06-28,sz.002588,26.1500,26.1500,25.6200,25.6500,25.9700,269278,6957954.0900,3,0.491311,1,-1.232200,16.527278,0.880559,3.666458,2.072691,0
2012-06-29,sz.002588,25.6500,26.1000,25.5000,26.1000,25.6500,460332,11921744.4600,3,0.839899,1,1.754400,16.817230,0.896007,3.730781,2.109054,0
2012-07-02,sz.002588,26.2800,26.9900,26.2800,26.9800,26.1000,1207506,32421379.5900,3,2.203156,1,3.371600,17.384247,0.926217,3.856570,2.180164,0
2012-07-03,sz.002588,27.0200,28.3000,26.8000,28.1600,26.9800,2053642,57248661.9500,3,3.746975,1,4.373600,18.144567,0.966726,4.025242,2.275516,0
2012-07-04,sz.002588,28.2000,28.2000,27.6600,27.8000,28.1600,912027,25386019.0100,3,1.664040,1,-1.278400,17.912605,0.954368,3.973783,2.246425,0
2012-07-05,sz.002588,27.7300,28.5900,27.5600,28.1000,27.8000,1440651,40457457.6300,3,2.628541,1,1.079100,18.105906,0.964667,4.016665,2.270667,0
2012-07-06,sz.002588,28.0500,28.2800,27.5700,28.1300,28.1000,1034311,28919805.3000,3,1.887153,1,0.106800,18.125237,0.965697,4.020953,2.273092,0
2012-07-09,sz.002588,28.1000,28.9200,27.8200,27.8400,28.1300,1858382,52959074.9300,3,3.390713,1,-1.030900,17.938378,0.955741,3.979500,2.249658,0
2012-07-10,sz.002588,27.6000,28.5000,27.6000,28.0500,27.8400,1105349,31037739.8300,3,2.016766,1,0.754300,18.073689,0.962950,4.009518,2.266627,0
2012-07-11,sz.002588,28.2600,28.9800,28.0200,28.8100,28.0500,1415845,40596832.7000,3,2.583282,1,2.709400,18.563387,0.989041,4.118154,2.328040,0
2012-07-12,sz.002588,28.8200,29.2500,28.6000,28.9900,28.8100,1513561,43873801.7900,3,2.761569,1,0.624800,18.679367,0.995220,4.143883,2.342585,0
2012-07-13,sz.002588,28.8600,29.0000,28.5000,28.7000,28.9900,996615,28673728.6600,3,1.818375,1,-1.000300,18.492509,0.985264,4.102430,2.319151,0
2012-07-16,sz.002588,28.6500,28.9000,27.6000,27.6000,28.7000,1150457,32167910.6100,3,2.099068,1,-3.832800,17.783737,0.947502,3.945194,2.230264,0
2012-07-17,sz.002588,27.3900,28.3800,27.3000,28.3800,27.6000,795692,22254054.3700,3,1.451781,1,2.826100,18.286321,0.974279,4.056689,2.293293,0
2012-07-18,sz.002588,28.2900,29.3700,28.2800,29.3000,28.3800,2325437,67570325.4200,3,4.242879,1,3.241700,18.879112,1.005862,4.188195,2.367635,0
2012-07-19,sz.002588,29.3300,30.1800,29.2100,29.6800,29.3000,2032469,60611807.8900,3,3.708344,1,1.296900,19.123961,1.018908,4.242513,2.398342,0
2012-07-20,sz.002588,29.6800,29.9300,29.0500,29.4900,29.6800,1277969,37762143.9800,3,2.331720,1,-0.640200,19.001537,1.012385,4.215354,2.382989,0
2012-07-23,sz.002588,29.3200,30.6900,29.1400,29.6300,29.4900,1953382,58872080.8600,3,3.564045,1,0.474700,19.091744,1.017191,4.235366,2.394302,0
2012-07-24,sz.002588,29.6200,29.9300,29.2000,29.7900,29.6300,823800,24406834.1900,3,1.503065,1,0.540000,19.194838,1.022684,4.258237,2.407231,0
2012-07-25,sz.002588,29.5000,30.5000,29.5000,29.8500,29.7900,1124480,33868988.1900,3,2.051671,1,0.201400,19.233498,1.024744,4.266813,2.412079,0
2012-07-26,sz.002588,29.6900,29.9900,29.1000,29.4100,29.8500,1145694,33690253.2700,3,2.090377,1,-1.474000,18.949990,1.009639,4.203919,2.376524,0
2012-07-27,sz.002588,29.5200,29.7300,28.6600,29.1500,29.4100,1092121,31608931.4400,3,1.992631,1,-0.884100,18.782462,1.000713,4.166754,2.355514,0
2012-07-30,sz.002588,29.1300,29.3000,28.6100,29.1800,29.1500,1020536,29604461.6000,3,1.862020,1,0.102900,18.801792,1.001743,4.171042,2.357939,0
2012-07-31,sz.002588,28.6400,28.6800,26.8300,26.8300,29.1800,1555985,42812455.2700,3,2.838974,1,-8.053500,16.231177,0.910587,58.594288,2.093513,0
2012-08-01,sz.002588,26.7900,28.1500,26.7300,27.5800,26.8300,1234022,34267343.5800,3,2.251536,1,2.795400,16.684900,0.936041,60.232220,2.152035,0
2012-08-02,sz.002588,27.5900,28.2800,27.5900,28.0200,27.5800,1092008,30455640.8100,3,1.992424,1,1.595400,16.951084,0.950974,61.193141,2.186368,0
2012-08-03,sz.002588,28.1000,28.5000,27.8400,28.3300,28.0200,817739,23045833.8300,3,1.492007,1,1.106400,17.138623,0.961496,61.870152,2.210557,0
2012-08-06,sz.002588,28.1500,29.4300,28.0500,29.4100,28.3300,1380133,39917657.2500,3,2.518123,1,3.812200,17.791984,0.998150,64.228775,2.294828,0
2012-08-07,sz.002588,29.6000,29.6800,29.0900,29.5500,29.4100,897533,26351472.6500,3,1.637595,1,0.476000,17.876679,1.002901,64.534522,2.305752,0
2012-08-08,sz.002588,29.5400,29.8800,29.1400,29.3700,29.5500,708815,20888733.4900,3,1.293269,1,-0.609100,17.767785,0.996792,64.141418,2.291707,0
2012-08-09,sz.002588,29.3600,30.0500,29.1300,29.8600,29.3700,890657,26438355.7900,3,1.625049,1,1.668400,18.064217,1.013422,65.211534,2.329941,0
2012-08-10,sz.002588,29.7000,29.9800,29.3300,29.3800,29.8600,675467,19973222.9000,3,1.232424,1,-1.607500,17.773835,0.997132,64.163257,2.292487,0
2012-08-13,sz.002588,29.1500,30.2000,29.1300,29.6700,29.3800,1860027,55591797.9600,3,3.393714,1,0.987100,17.949274,1.006974,64.796591,2.315115,0
2012-08-14,sz.002588,29.6000,31.4900,29.5800,31.3100,29.6700,2734702,83618472.6800,3,4.989604,1,5.527500,18.941415,1.062634,68.378202,2.443083,0
2012-08-15,sz.002588,31.3000,31.3000,30.5800,30.7800,31.3100,1167564,35973007.9800,3,2.130280,1,-1.692700,18.620784,1.044646,67.220730,2.401727,0
2012-08-16,sz.002588,30.7700,31.8700,30.7600,31.5600,30.7800,2086829,65823304.5200,3,3.807526,1,2.534100,19.092656,1.071119,68.924180,2.462590,0
2012-08-17,sz.002588,31.1600,31.6900,31.1600,31.5000,31.5600,1066638,33561784.6800,3,1.946136,1,-0.190100,19.056358,1.069083,68.793145,2.457908,0
2012-08-20,sz.002588,31.4900,31.6500,30.6700,31.4000,31.5000,781255,24210171.2800,3,1.425440,1,-0.317500,18.995861,1.065689,68.574754,2.450105,0
2012-08-21,sz.002588,31.3800,31.7900,31.0500,31.2100,31.4000,969033,30437682.8100,3,1.768050,1,-0.605100,18.880918,1.059240,68.159811,2.435280,0
2012-08-22,sz.002588,31.2200,32.0000,30.8000,31.4800,31.2100,1330315,41846350.4900,3,2.427228,1,0.865100,19.044259,1.068404,68.749467,2.456347,0
2012-08-23,sz.002588,31.4000,31.8400,30.8500,31.8400,31.4800,1035192,32436796.5500,3,1.888761,1,1.143600,19.262045,1.080622,69.535674,2.484438,0
2012-08-24,sz.002588,31.8000,31.8200,30.7500,30.9100,31.8400,1253704,39287283.5400,3,2.287447,1,-2.920900,18.699429,1.049059,67.504639,2.411871,0
2012-08-27,sz.002588,30.7000,31.1000,30.0600,30.8800,30.9100,1204473,36933151.7700,3,2.197623,1,-0.097100,18.681280,1.048040,67.439121,2.409530,0
2012-08-28,sz.002588,30.8600,31.2400,29.3900,30.1000,30.8800,2083875,62626675.3500,3,3.802137,1,-2.525900,18.209409,1.021568,65.735672,2.348668,0
2012-08-29,sz.002588,29.8700,30.3400,29.6300,29.9500,30.1000,729689,21887290.1100,3,1.331355,1,-0.498300,18.118664,1.016477,65.408086,2.336963,0
2012-08-30,sz.002588,29.9700,30.2600,29.2000,30.0100,29.9500,954089,28292926.3900,3,1.740784,1,0.200332,18.154962,1.018513,65.539120,2.341645,0
2012-08-31,sz.002588,29.9900,30.1800,29.6500,30.1000,30.0100,463958,13907998.8900,3,0.846515,1,0.299900,18.209409,1.021568,65.735672,2.348668,0
2012-09-03,sz.002588,30.1000,31.1900,29.9200,31.0000,30.1000,1022681,31476772.4100,3,1.865934,1,2.990000,18.753876,1.052113,67.701191,2.418894,0
2012-09-04,sz.002588,31.0500,31.4500,30.7000,31.1000,31.0000,1261672,39201682.2600,3,2.301985,1,0.322600,18.814372,1.055507,67.919581,2.426696,0
2012-09-05,sz.002588,31.5100,31.5100,30.0500,30.0500,31.1000,1622935,49927841.1100,3,2.961128,1,-3.376200,18.179160,1.019871,65.626477,2.344766,0
2012-09-06,sz.002588,30.1200,30.7600,30.1200,30.7500,30.0500,772534,23609347.3000,3,1.409528,1,2.329500,18.602635,1.043628,67.155213,2.399386,0
2012-09-07,sz.002588,30.9200,31.9900,30.8800,31.8100,30.7500,1313806,41433522.0700,3,2.397106,1,3.447200,19.243897,1.079604,69.470157,2.482097,0
2012-09-10,sz.002588,31.7500,31.8000,31.3100,31.4000,31.8100,1479592,46638050.7400,3,2.699591,1,-1.288900,18.995861,1.065689,68.574754,2.450105,0
2012-09-11,sz.002588,31.4200,31.7600,31.1300,31.4700,31.4000,761526,23926817.7000,3,1.389443,1,0.222900,19.038209,1.068064,68.727628,2.455567,0
2012-09-12,sz.002588,31.5900,31.9900,31.1900,31.7500,31.4700,840251,26532461.9000,3,1.533081,1,0.889700,19.207599,1.077567,69.339123,2.477415,0
2012-09-13,sz.002588,31.7300,31.7300,31.2000,31.2300,31.7500,1247481,39075986.1200,3,2.276093,1,-1.637800,18.893018,1.059919,68.203490,2.436840,0
2012-09-14,sz.002588,31.0800,31.5400,30.2100,30.5000,31.2300,1238151,37974759.3100,3,2.259070,1,-2.337500,18.451394,1.035143,66.609236,2.379879,0
2012-09-17,sz.002588,30.5800,30.6000,29.3200,29.4700,30.5000,1659785,49209815.8600,3,3.028363,1,-3.377000,17.828281,1.000186,64.359809,2.299509,0
2012-09-18,sz.002588,29.3100,29.7200,29.3100,29.6900,29.4700,465216,13754248.0600,3,0.848810,1,0.746500,17.961373,1.007653,64.840269,2.316676,0
2012-09-19,sz.002588,29.7000,29.8500,29.5000,29.7000,29.6900,260881,7736092.8600,3,0.475991,1,0.033700,17.967423,1.007992,64.862108,2.317456,0
2012-09-20,sz.002588,29.8300,30.0900,29.0000,29.3300,29.7000,1211974,35890516.6300,3,2.211309,1,-1.245800,17.743587,0.995435,64.054062,2.288585,0
2012-09-21,sz.002588,29.3100,29.5900,28.5100,28.7700,29.3300,573789,16620176.0300,3,1.046907,1,-1.909300,17.404807,0.976429,62.831073,2.244889,0
2012-09-24,sz.002588,28.6200,29.0500,28.5200,28.8000,28.7700,287711,8303536.7700,3,0.524943,1,0.104300,17.422956,0.977447,62.896590,2.247230,0
2012-09-25,sz.002588,28.9500,28.9500,28.3100,28.4300,28.8000,330610,9477476.8700,3,0.603215,1,-1.284700,17.199119,0.964889,62.088543,2.218360,0
2012-09-26,sz.002588,28.2500,28.4400,27.5900,27.7000,28.4300,560989,15602471.0500,3,1.023553,1,-2.567700,16.757496,0.940114,60.494290,2.161398,0
2012-09-27,sz.002588,27.6500,28.6800,27.6500,28.5000,27.7000,453432,12818682.7300,3,0.827310,1,2.888100,17.241467,0.967265,62.241417,2.223822,0
2012-09-28,sz.002588,28.4000,28.8900,28.2000,28.8300,28.5000,285828,8193887.2500,3,0.521508,1,1.157900,17.441105,0.978465,62.962107,2.249571,0
2012-10-08,sz.002588,28.9000,29.3500,28.6900,28.9000,28.8300,328209,9537626.2300,3,0.598834,1,0.242800,17.483452,0.980841,63.114981,2.255033,0
2012-10-09,sz.002588,29.0000,29.7800,28.8400,29.6800,28.9000,528941,15611072.8700,3,0.965080,1,2.699000,17.955324,1.007313,64.818430,2.315896,0
2012-10-10,sz.002588,29.6000,29.8000,29.4100,29.5900,29.6800,343560,10163846.6900,3,0.626843,1,-0.303200,17.900877,1.004259,64.621878,2.308873,0
2012-10-11,sz.002588,29.5100,29.6600,29.2500,29.2800,29.5900,354794,10453318.3300,3,0.647340,1,-1.047700,17.713338,0.993738,63.944866,2.284684,0
2012-10-12,sz.002588,29.2800,30.1300,29.2800,30.0500,29.2800,802043,23880598.3500,3,1.463368,1,2.629800,18.179160,1.019871,65.626477,2.344766,0
2012-10-15,sz.002588,30.0200,30.1800,29.7000,29.9000,30.0500,386217,11550571.5000,3,0.704673,1,-0.499200,18.088416,1.014780,65.298890,2.333062,0
2012-10-16,sz.002588,29.7500,30.0700,29.3900,29.7000,29.9000,791695,23484031.4500,3,1.444488,1,-0.668900,17.967423,1.007992,64.862108,2.317456,0
2012-10-17,sz.002588,29.8500,29.8500,29.4100,29.7000,29.7000,306902,9102705.7800,3,0.559958,1,0.000000,17.967423,1.007992,64.862108,2.317456,0
2012-10-18,sz.002588,29.6000,29.9000,29.5500,29.7600,29.7000,628726,18720533.1800,3,1.147143,1,0.202000,18.003721,1.010029,64.993143,2.322138,0
2012-10-19,sz.002588,29.7200,30.1000,29.7200,29.9700,29.7600,553885,16595181.1200,3,1.010592,1,0.705642,18.130763,1.017156,65.451764,2.338524,0
2012-10-22,sz.002588,29.8500,29.8500,29.3500,29.6000,29.9700,589680,17416254.1100,3,1.075901,1,-1.234600,17.906927,1.004598,64.643717,2.309653,0
2012-10-23,sz.002588,29.6700,29.7000,28.5500,28.6100,29.6000,672674,19540960.2600,3,1.227328,1,-3.344600,17.308013,0.970999,62.481647,2.232405,0
2012-10-24,sz.002588,28.0100,29.1900,28.0000,28.7500,28.6100,1287107,36736033.4100,3,2.348393,1,0.489300,17.088872,0.976638,20.731886,2.151910,0
2012-10-25,sz.002588,28.5300,28.9100,28.3000,28.3000,28.7500,328796,9387510.7100,3,0.599905,1,-1.565200,16.821394,0.961351,20.407387,2.118228,0
2012-10-26,sz.002588,28.3100,28.3200,27.6200,27.8200,28.3000,666874,18611852.6900,3,1.216746,1,-1.696100,16.536084,0.945046,20.061255,2.082300,0
2012-10-29,sz.002588,27.7000,28.2300,27.6300,27.8800,27.8200,478559,13373761.7800,3,0.873155,1,0.215700,16.571748,0.947084,20.104521,2.086791,0
2012-10-30,sz.002588,27.9900,28.4800,27.8900,28.2900,27.8800,463871,13098484.6500,3,0.846356,1,1.470600,16.815450,0.961012,20.400176,2.117479,0
2012-10-31,sz.002588,28.2900,28.8500,28.1800,28.7900,28.2900,581191,16602427.3200,3,1.060413,1,1.767400,17.112648,0.977997,20.760730,2.154904,0
2012-11-01,sz.002588,28.7700,29.4000,28.7500,29.3000,28.7900,881818,25665758.3800,3,1.608922,1,1.771400,17.415789,0.995321,21.128496,2.193077,0
2012-11-02,sz.002588,29.3900,29.4000,29.0300,29.1800,29.3000,670348,19572963.6400,3,1.223084,1,-0.409600,17.344462,0.991245,21.041963,2.184095,0
2012-11-05,sz.002588,29.0100,29.2900,29.0100,29.1800,29.1800,358042,10441061.5500,3,0.653266,1,0.000000,17.344462,0.991245,21.041963,2.184095,0
2012-11-06,sz.002588,29.1000,29.2200,28.3800,28.7500,29.1800,422658,12096550.2200,3,0.771161,1,-1.473600,17.088872,0.976638,20.731886,2.151910,0
2012-11-07,sz.002588,28.8000,29.1500,28.4300,28.4700,28.7500,388557,11170193.1800,3,0.708942,1,-0.973900,16.922441,0.967126,20.529975,2.130952,0
2012-11-08,sz.002588,28.4100,28.4500,27.9000,27.9300,28.4700,553154,15566901.4600,3,1.009258,1,-1.896700,16.601467,0.948782,20.140577,2.090533,0
2012-11-09,sz.002588,27.9300,28.1700,27.9300,28.1600,27.9300,297475,8349443.6700,3,0.542758,1,0.823500,16.738178,0.956595,20.306432,2.107749,0
2012-11-12,sz.002588,28.2000,28.5500,27.9200,28.0500,28.1600,332349,9388068.3400,3,0.606388,1,-0.390600,16.672795,0.952859,20.227110,2.099515,0
2012-11-13,sz.002588,28.1000,28.3700,27.9800,28.0800,28.0500,319870,8998361.1600,3,0.583619,1,0.107000,16.690627,0.953878,20.248743,2.101761,0
2012-11-14,sz.002588,28.2500,28.2500,27.8800,28.1100,28.0800,266650,7481325.8800,3,0.486517,1,0.106800,16.708459,0.954897,20.270376,2.104006,0
2012-11-15,sz.002588,28.0000,28.2200,27.6800,27.7300,28.1100,400199,11161254.6200,3,0.730184,1,-1.351800,16.482588,0.941988,19.996355,2.075564,0
2012-11-16,sz.002588,27.7100,27.8400,27.0000,27.3000,27.7300,377395,10291856.5000,3,0.688576,1,-1.550700,16.226998,0.927381,19.686278,2.043379,0
2012-11-19,sz.002588,27.3500,27.6100,27.0000,27.5500,27.3000,175922,4784637.9500,3,0.320979,1,0.915800,16.375597,0.935874,19.866555,2.062091,0
2012-11-20,sz.002588,27.5900,27.7600,27.5000,27.7500,27.5500,176183,4862468.3900,3,0.321455,1,0.726000,16.494476,0.942668,20.010777,2.077061,0
2012-11-21,sz.002588,27.7400,27.9600,27.3400,27.9500,27.7500,277607,7684197.2500,3,0.506508,1,0.720700,16.613355,0.949462,20.154999,2.092030,0
2012-11-22,sz.002588,27.7600,28.0300,27.4100,27.6800,27.9500,268961,7477196.0900,3,0.490733,1,-0.966000,16.452868,0.940290,19.960299,2.071821,0
2012-11-23,sz.002588,27.6900,28.2500,27.5400,28.0000,27.6800,278539,7819912.6700,3,0.508209,1,1.156100,16.643075,0.951160,20.191054,2.095773,0
2012-11-26,sz.002588,28.0000,28.1800,27.8700,27.9000,28.0000,190831,5353445.3500,3,0.348181,1,-0.357100,16.583636,0.947763,20.118943,2.088288,0
2012-11-27,sz.002588,27.4500,27.6000,26.6700,26.7500,27.9000,469544,12721378.5200,3,0.856707,1,-4.121900,15.900081,0.908698,19.289668,2.002212,0
2012-11-28,sz.002588,26.7800,26.9700,25.9000,25.9000,26.7500,493681,12944909.0700,3,0.900746,1,-3.177600,15.394844,0.879823,18.676725,1.938590,0
2012-11-29,sz.002588,26.2300,26.2600,25.7600,25.7600,25.9000,262269,6825203.5500,3,0.478523,1,-0.540500,15.311629,0.875067,18.575770,1.928111,0
2012-11-30,sz.002588,25.8400,26.3400,25.7500,26.1000,25.7600,588977,15300912.5000,3,1.074619,1,1.319900,15.513724,0.886617,18.820947,1.953560,0
2012-12-03,sz.002588,26.1000,26.2600,25.9200,25.9200,26.1000,585028,15275889.3800,3,1.067414,1,-0.689700,15.406732,0.880503,18.691147,1.940087,0
2012-12-04,sz.002588,25.8800,26.2100,25.6800,26.1000,25.9200,331123,8606857.5300,3,0.604151,1,0.694400,15.513724,0.886617,18.820947,1.953560,0
2012-12-05,sz.002588,26.1000,27.1000,26.0100,26.6000,26.1000,1744550,46677531.7800,3,3.183021,1,1.915700,15.810921,0.903602,19.181501,1.990984,0
2012-12-06,sz.002588,26.9000,26.9000,26.0100,26.2000,26.6000,1701411,45080322.0900,3,3.104311,1,-1.503800,15.573163,0.890014,18.893058,1.961045,0
2012-12-07,sz.002588,26.3000,27.2300,26.1100,27.1700,26.2000,1138365,30537209.6500,3,2.077005,1,3.702300,16.149727,0.922965,19.592534,2.033648,0
2012-12-10,sz.002588,27.1800,28.4700,27.1800,28.4000,27.1700,1876138,52534453.6600,3,3.423110,1,4.527100,16.880833,0.964748,20.479498,2.125712,0
2012-12-11,sz.002588,28.4000,28.4000,27.8500,28.1000,28.4000,677398,19017183.7500,3,1.235947,1,-1.056300,16.702515,0.954557,20.263165,2.103258,0
2012-12-12,sz.002588,28.2000,28.5900,27.8700,28.2800,28.1000,747573,21163015.6800,3,1.363985,1,0.640600,16.809506,0.960672,20.392965,2.116731,0
2012-12-13,sz.002588,28.2000,28.8300,28.2000,28.5100,28.2800,996932,28534723.9600,3,1.818953,1,0.813300,16.946217,0.968485,20.558820,2.133946,0
2012-12-14,sz.002588,28.3500,29.3900,28.3500,29.1800,28.5100,952278,27705919.1100,3,1.737480,1,2.350100,17.344462,0.991245,21.041963,2.184095,0
2012-12-17,sz.002588,29.1800,29.3600,28.9000,29.1700,29.1800,965247,28116438.9200,3,1.761143,1,-0.034300,17.338518,0.990905,21.034752,2.183346,0
2012-12-18,sz.002588,29.2200,29.3500,28.5200,28.8000,29.1700,791779,22964147.0000,3,1.444641,1,-1.268400,17.118591,0.978336,20.767941,2.155652,0
2012-12-19,sz.002588,28.8000,28.9600,28.5800,28.7900,28.8000,388608,11181498.9900,3,0.709035,1,-0.034700,17.112648,0.977997,20.760730,2.154904,0
2012-12-20,sz.002588,28.7300,29.6900,28.6000,29.2600,28.7900,852064,24894670.2100,3,1.554634,1,1.632500,17.392013,0.993962,21.099652,2.190083,0
2012-12-21,sz.002588,29.4500,29.7500,28.9100,29.6500,29.2600,909080,26740017.3600,3,1.658663,1,1.332900,17.623828,1.007211,21.380884,2.219274,0
2012-12-24,sz.002588,29.4900,29.8700,29.3300,29.5000,29.6500,1100672,32474213.6800,3,2.008232,1,-0.505900,17.534668,1.002115,21.272718,2.208046,0
2012-12-25,sz.002588,29.4800,30.5000,29.4000,30.3500,29.5000,1484206,44852751.4100,3,2.708010,1,2.881400,18.039905,1.030990,21.885660,2.271668,0
2012-12-26,sz.002588,30.2000,30.9400,30.2000,30.8300,30.3500,1209697,37185474.4400,3,2.207154,1,1.581500,18.325214,1.047295,22.231793,2.307596,0
2012-12-27,sz.002588,30.9700,31.2700,30.2900,30.3000,30.8300,940130,28839209.5900,3,1.715315,1,-1.719100,18.010185,1.029291,21.849605,2.267926,0
2012-12-28,sz.002588,30.3000,31.2700,30.0100,31.1700,30.3000,2190289,67107902.7100,3,3.996294,1,2.871300,18.527309,1.058845,22.476970,2.333044,0
2012-12-31,sz.002588,31.1500,31.5000,31.0000,31.1200,31.1700,1246070,38899173.4300,3,2.273518,1,-0.160400,18.497589,1.057147,22.440914,2.329302,0
2013-01-04,sz.002588,31.4100,31.5800,31.0000,31.5300,31.1200,1547648,48457623.2300,3,2.823763,1,1.317500,18.741291,1.071074,22.736569,2.359990,0
2013-01-07,sz.002588,31.2600,31.7500,31.0800,31.4800,31.5300,1205436,37842563.1400,3,2.199380,1,-0.158600,18.711572,1.069376,22.700514,2.356247,0
2013-01-08,sz.002588,31.4000,31.4000,30.8100,31.2500,31.4800,1083821,33736671.2500,3,1.977487,1,-0.730600,18.574861,1.061563,22.534659,2.339032,0
2013-01-09,sz.002588,31.2000,31.2000,30.6200,31.0400,31.2500,1026469,31761350.2400,3,1.872845,1,-0.672000,18.450037,1.054429,22.383226,2.323314,0
2013-01-10,sz.002588,30.9800,31.1800,30.6800,31.0000,31.0400,828185,25682872.9000,3,1.511066,1,-0.128900,18.426262,1.053070,22.354381,2.320320,0
2013-01-11,sz.002588,31.1500,31.2000,30.3800,30.3800,31.0000,961405,29536756.1200,3,1.754133,1,-2.000000,18.057736,1.032009,21.907294,2.273914,0
2013-01-14,sz.002588,30.3000,33.4200,30.3000,33.3900,30.3800,3573392,116906753.1800,3,6.519837,1,9.907800,19.846867,1.134259,24.077832,2.499209,0
2013-01-15,sz.002588,33.2000,34.7000,33.1200,34.5000,33.3900,4349874,148199944.7800,3,7.936568,1,3.324300,20.506646,1.171965,24.878263,2.582292,0
2013-01-16,sz.002588,34.0100,35.2000,33.8000,35.2000,34.5000,2417344,83003738.5200,3,4.410568,1,2.029000,20.922723,1.195744,25.383040,2.634686,0
2013-01-17,sz.002588,35.2000,35.5200,34.1700,34.9000,35.2000,1557967,54159402.4800,3,2.842590,1,-0.852300,20.744404,1.185553,25.166707,2.612231,0
2013-01-18,sz.002588,34.9500,35.3000,34.6600,35.1800,34.9000,1000576,35069179.6800,3,1.825602,1,0.802300,20.910835,1.195065,25.368617,2.633189,0
2013-01-21,sz.002588,35.0800,36.0000,34.0000,35.0800,35.1800,978723,34483750.3200,3,1.785730,1,-0.284300,20.851395,1.191668,25.296506,2.625704,0
2013-01-22,sz.002588,35.0100,35.2000,33.6800,34.0000,35.0800,1056238,36189375.6900,3,1.927160,1,-3.078700,20.209448,1.154980,24.517709,2.544867,0
2013-01-23,sz.002588,33.8000,34.1800,33.4100,34.0500,34.0000,544269,18414629.1800,3,0.993047,1,0.147100,20.239168,1.156679,24.553764,2.548609,0
2013-01-24,sz.002588,34.0500,35.1600,32.6700,33.2200,34.0500,1354651,46135610.7500,3,2.471630,1,-2.437600,19.745820,1.128484,23.955244,2.486485,0
2013-01-25,sz.002588,33.0000,33.4600,33.0000,33.3100,33.2200,591866,19689538.3700,3,1.079890,1,0.270900,19.799315,1.131541,24.020143,2.493221,0
2013-01-28,sz.002588,33.3100,35.9800,33.2800,35.9000,33.3100,1256562,43742855.8100,3,2.292662,1,7.775400,21.338800,1.219523,25.887816,2.687080,0
2013-01-29,sz.002588,35.5500,36.7600,35.5500,36.5100,35.9000,1520617,55114836.5100,3,2.774444,1,1.699200,21.701381,1.240245,26.327692,2.732738,0
2013-01-30,sz.002588,36.3800,36.8600,36.0800,36.1300,36.5100,1041896,37895561.8300,3,1.900993,1,-1.040800,21.475511,1.227336,26.053671,2.704295,0
2013-01-31,sz.002588,36.1500,36.4800,35.5200,35.6000,36.1300,748847,26820566.1100,3,1.366310,1,-1.466900,21.160481,1.209332,25.671483,2.664625,0
2013-02-01,sz.002588,35.8000,36.5800,35.2300,35.9100,35.6000,790587,28243874.0600,3,1.442466,1,0.870800,21.344744,1.219863,25.895027,2.687829,0
2013-02-04,sz.002588,35.9300,36.1700,34.1100,34.4900,35.9100,1273998,44206613.4300,3,2.324475,1,-3.954300,20.500702,1.171626,24.871052,2.581543,0
2013-02-05,sz.002588,34.4900,36.0200,34.0600,35.3700,34.4900,1238355,43734162.7400,3,2.259442,1,2.551500,21.023770,1.201519,25.505628,2.647410,0
2013-02-06,sz.002588,35.3600,35.8000,35.2000,35.4300,35.3700,846660,29996243.2100,3,1.544774,1,0.169600,21.059434,1.203557,25.548895,2.651901,0
2013-02-07,sz.002588,35.3800,35.3800,34.7000,34.8800,35.4300,761683,26573955.6600,3,1.389730,1,-1.552400,20.732516,1.184874,25.152285,2.610734,0
2013-02-08,sz.002588,35.1800,36.5000,34.9700,36.4400,34.8800,1003465,36218430.4600,3,1.830873,1,4.472500,21.659773,1.237867,26.277215,2.727499,0
2013-02-18,sz.002588,36.3400,36.9600,36.1100,36.5500,36.4400,875624,31997304.1700,3,1.597621,1,0.301900,21.725157,1.241604,26.356537,2.735732,0
2013-02-19,sz.002588,36.5500,36.6900,35.7600,36.1100,36.5500,778916,28124284.8100,3,1.421172,1,-1.203800,21.463623,1.226657,26.039249,2.702799,0
2013-02-20,sz.002588,36.1600,37.5700,35.9100,37.4300,36.1100,1188895,43656340.0900,3,2.169200,1,3.655500,22.248225,1.271497,26.991113,2.801599,0
2013-02-21,sz.002588,37.2000,37.2000,36.0000,36.5100,37.4300,1060846,38753616.7500,3,1.935568,1,-2.457900,21.701381,1.240245,26.327692,2.732738,0
2013-02-22,sz.002588,36.2500,36.7500,36.0200,36.2100,36.5100,631445,22913349.7900,3,1.152104,1,-0.821700,21.523062,1.230054,26.111360,2.710283,0
2013-02-25,sz.002588,36.2100,36.8000,35.5100,36.5400,36.2100,844482,30604680.7300,3,1.540801,1,0.911400,21.719213,1.241264,26.349326,2.734984,0
2013-02-26,sz.002588,36.0300,36.5600,35.6800,35.7000,36.5400,514543,18561613.4300,3,0.938810,1,-2.298900,21.219921,1.212729,25.743594,2.672110,0
2013-02-27,sz.002588,35.7000,36.2200,34.1100,34.5100,35.7000,1457423,50460286.9000,3,2.659143,1,-3.333300,20.512590,1.172305,24.885474,2.583040,0
2013-02-28,sz.002588,34.6500,35.3000,34.0300,35.2800,34.5100,1004439,34931115.2400,3,1.832650,1,2.231200,20.407040,1.179091,25.440728,2.640674,0
2013-03-01,sz.002588,35.2000,35.9500,34.9100,35.5700,35.2800,920948,32577647.5200,3,1.680317,1,0.822000,20.574785,1.188783,25.649850,2.662380,0
2013-03-04,sz.002588,35.3300,35.7000,34.0000,34.3300,35.5700,1196752,41738377.2300,3,2.183535,1,-3.486100,19.857530,1.147341,24.755675,2.569567,0
2013-03-05,sz.002588,34.3400,34.8900,34.0500,34.8600,34.3300,921135,31705377.4500,3,1.680658,1,1.543800,20.164099,1.165054,25.137862,2.609237,0
2013-03-06,sz.002588,35.0000,36.6000,34.9000,36.4500,34.8600,1530803,55136268.1400,3,2.793028,1,4.561100,21.083804,1.218193,26.284426,2.728247,0
2013-03-07,sz.002588,36.5500,36.6000,35.4000,35.8200,36.4500,1322215,47382921.9500,3,2.412449,1,-1.728400,20.719392,1.197138,25.830127,2.681092,0
2013-03-08,sz.002588,35.9000,36.2100,34.7200,34.8600,35.8200,713874,25398390.1500,3,1.302500,1,-2.680100,20.164099,1.165054,25.137862,2.609237,0
2013-03-11,sz.002588,34.7000,34.7000,33.2900,33.6300,34.8600,2387570,80692671.6500,3,4.356244,1,-3.528400,19.452629,1.123946,24.250898,2.517173,0
2013-03-12,sz.002588,33.6200,34.1100,32.4000,32.7000,33.6300,1325912,43764856.4800,3,2.419194,1,-2.765400,18.914688,1.092865,23.580267,2.447563,0
2013-03-13,sz.002588,32.7000,32.7000,31.8500,32.3000,32.7000,1322714,42698110.1400,3,2.413359,1,-1.223200,18.683316,1.079496,23.291823,2.417624,0
2013-03-14,sz.002588,32.3400,33.3000,32.3200,32.9000,32.3000,1351048,44413655.9800,3,2.465056,1,1.857600,19.030374,1.099549,23.724489,2.462533,0
2013-03-15,sz.002588,32.9000,34.0000,32.1100,33.6000,32.9000,2271817,75878636.6800,3,4.145046,1,2.127700,19.435276,1.122943,24.229265,2.514927,0
2013-03-18,sz.002588,33.3900,33.4400,32.2000,32.4900,33.6000,895245,29407686.0000,3,1.633420,1,-3.303600,18.793218,1.085846,23.428834,2.431845,0
2013-03-19,sz.002588,32.0000,32.7700,31.7900,32.4500,32.4900,599983,19270424.0000,3,1.094700,1,-0.123100,18.770081,1.084509,23.399990,2.428851,0
2013-03-20,sz.002588,32.5100,34.1800,32.5100,34.0000,32.4500,1052043,35297280.0000,3,1.919506,1,4.776600,19.666648,1.136312,24.517709,2.544867,0
2013-03-21,sz.002588,34.1600,35.4900,34.1500,34.2000,34.0000,1972731,68726352.0000,3,3.599349,1,0.588200,19.782334,1.142996,24.661930,2.559837,0
2013-03-22,sz.002588,35.1400,35.4000,34.5100,35.2500,34.2000,2059613,72165840.0000,3,3.757869,1,3.070200,20.421190,1.178088,47.137351,2.586143,0
2013-03-25,sz.002588,36.0000,36.0000,35.0500,35.3100,35.2500,1159147,41047196.0000,3,2.114923,1,0.170200,20.455950,1.180093,47.217585,2.590545,0
2013-03-26,sz.002588,35.1000,35.6700,34.5300,35.3900,35.3100,1105196,38786784.0000,3,2.016487,1,0.226600,20.502296,1.182767,47.324563,2.596414,0
2013-03-27,sz.002588,35.5000,36.7600,35.4100,36.1500,35.3900,1633908,59169532.0000,3,2.981149,1,2.147500,20.942583,1.208167,48.340858,2.652172,0
2013-03-28,sz.002588,35.7000,35.9000,34.6600,35.0700,36.1500,1544439,54383228.0000,3,2.817908,1,-2.987600,20.316912,1.172072,46.896649,2.572937,0
2013-03-29,sz.002588,35.0900,36.5700,35.0900,36.2500,35.0700,1681526,60563544.0000,3,3.068030,1,3.364700,21.000515,1.211509,48.474581,2.659509,0
2013-04-01,sz.002588,36.2000,37.8600,35.8400,37.5200,36.2500,2091771,77837088.0000,3,3.816543,1,3.503400,21.736257,1.253953,50.172862,2.752683,0
2013-04-02,sz.002588,37.5500,38.6500,36.8000,36.9200,37.5200,2643270,100185592.0000,3,4.822781,1,-1.599200,21.388662,1.233901,49.370525,2.708664,0
2013-04-03,sz.002588,37.0000,37.4000,35.8000,37.0100,36.9200,1676271,61313380.0000,3,3.058442,1,0.243800,21.440802,1.236909,49.490875,2.715267,0
2013-04-08,sz.002588,36.1000,38.5800,35.8200,38.5800,37.0100,2135199,80367008.0000,3,3.895780,1,4.242100,22.350341,1.289380,51.590326,2.830451,0
2013-04-09,sz.002588,38.8700,39.8800,38.4200,39.4800,38.5800,2188958,86178808.0000,3,3.993866,1,2.332800,22.871733,1.319458,52.793833,2.896480,0
2013-04-10,sz.002588,39.3000,39.8000,38.4000,38.5300,39.4800,1729120,67571792.0000,3,3.154868,1,-2.406300,22.321375,1.287709,51.523465,2.826783,0
2013-04-11,sz.002588,38.5300,39.0700,38.2200,38.5400,38.5300,647298,24990348.0000,3,1.181028,1,0.026000,22.327168,1.288043,51.536837,2.827516,0
2013-04-12,sz.002588,38.5800,38.9700,37.3000,37.4600,38.5400,1307802,49565540.0000,3,2.386152,1,-2.802288,21.701498,1.251948,50.092629,2.748281,0
2013-04-15,sz.002588,37.3900,37.4800,35.8200,36.2000,37.4600,1573024,57290628.0000,3,2.870063,1,-3.363600,20.971549,1.209838,48.407719,2.655840,0
2013-04-16,sz.002588,35.8100,38.7000,35.6000,38.7000,36.2000,1470232,54625192.0000,3,2.682514,1,6.906077,22.419860,1.293390,51.750794,2.839255,0
2013-04-17,sz.002588,38.4900,40.3000,38.3000,39.0100,38.7000,2227958,87968880.0000,3,4.065023,1,0.801000,22.599451,1.303751,52.165335,2.861998,0
2013-04-18,sz.002588,39.6000,40.0500,38.6500,39.4900,39.0100,1429003,56240584.0000,3,2.607289,1,1.230500,22.877527,1.319793,52.807205,2.897214,0
2013-04-19,sz.002588,39.7100,40.6800,39.6000,39.6000,39.4900,1671870,67168488.0000,3,3.050412,1,0.278543,20.874567,1.287096,201.649187,2.804847,0
2013-04-22,sz.002588,39.5500,40.9700,39.1100,40.5700,39.6000,2080033,83608784.0000,3,3.795127,1,2.449500,21.385888,1.318623,206.588574,2.873552,0
2013-04-23,sz.002588,40.5100,41.2900,39.9300,40.0300,40.5700,1321435,53427356.0000,3,2.411026,1,-1.331000,21.101235,1.301072,203.838812,2.835304,0
2013-04-24,sz.002588,40.0800,42.5100,40.0800,42.5100,40.0300,1942613,80887984.0000,3,3.549967,1,6.195400,22.408531,1.381678,216.467347,3.010961,0
2013-04-25,sz.002588,42.8300,43.3000,41.2200,41.6100,42.5100,1576583,66837720.0000,3,2.881077,1,-2.117100,21.934109,1.352426,211.884411,2.947215,0
2013-04-26,sz.002588,41.5800,42.2700,41.1600,41.1600,41.6100,865267,35971768.0000,3,1.581205,1,-1.081473,21.696898,1.337800,209.592943,2.915341,0
2013-05-02,sz.002588,40.7800,42.4200,40.5200,41.8000,41.1600,840738,35029756.0000,3,1.536380,1,1.554900,22.034265,1.358601,212.851920,2.960672,0
2013-05-03,sz.002588,41.8000,42.5000,41.2200,41.4800,41.8000,1570050,65496668.0000,3,2.869139,1,-0.765549,21.865581,1.348201,211.222432,2.938007,0
2013-05-06,sz.002588,41.4000,42.3200,41.3100,42.0200,41.4800,2145037,89324856.0000,3,3.919880,1,1.301800,22.150235,1.365752,213.972193,2.976255,0
2013-05-07,sz.002588,41.9800,41.9800,39.8300,40.0700,42.0200,2529323,102547632.0000,3,4.622132,1,-4.640600,21.122320,1.302372,204.042499,2.838137,0
2013-05-08,sz.002588,30.9900,31.7800,30.0300,31.3100,30.6700,2482955,77180960.0000,3,3.490306,1,2.086700,21.455997,1.322946,207.265830,2.882972,0
2013-05-09,sz.002588,31.0100,31.3900,30.3300,30.8800,31.3100,1946360,59876960.0000,3,2.736011,1,-1.373400,21.161328,1.304777,204.419318,2.843379,0
2013-05-10,sz.002588,30.9300,31.3800,30.4500,30.9200,30.8800,1565801,48332572.0000,3,2.201057,1,0.129500,21.188739,1.306467,204.684110,2.847062,0
2013-05-13,sz.002588,31.1500,31.1500,30.2200,30.5100,30.9200,1488921,45541232.0000,3,2.092986,1,-1.326000,20.907776,1.289144,201.969993,2.809310,0
2013-05-14,sz.002588,30.5300,31.0600,30.1000,30.2700,30.5100,1712516,52323116.0000,3,2.407295,1,-0.786600,20.743310,1.279003,200.381242,2.787211,0
2013-05-15,sz.002588,30.2800,31.6500,30.2800,31.6400,30.2700,2363264,73812720.0000,3,3.322056,1,4.525900,21.682138,1.336890,209.450363,2.913358,0
2013-05-16,sz.002588,31.6000,31.8800,31.3100,31.4500,31.6400,1751195,55336536.0000,3,2.461666,1,-0.600500,21.551936,1.328862,208.192602,2.895863,0
2013-05-17,sz.002588,31.4400,31.6000,30.6100,31.2000,31.4500,2000779,62026872.0000,3,2.812508,1,-0.794900,21.380617,1.318298,206.537653,2.872844,0
2013-05-20,sz.002588,31.0800,33.3200,31.0200,32.9700,31.2000,3072912,99380600.0000,3,4.319613,1,5.673100,22.593556,1.393086,218.254693,3.035822,0
2013-05-21,sz.002588,32.8500,32.8500,32.3100,32.8500,32.9700,2127142,69312584.0000,3,2.990138,1,-0.363976,22.511323,1.388016,217.460317,3.024773,0
2013-05-22,sz.002588,32.7100,33.4000,32.5000,32.6000,32.8500,1848641,60925700.0000,3,2.598647,1,-0.761000,22.340003,1.377453,215.805368,3.001753,0
2013-05-23,sz.002588,32.4100,32.7900,32.0500,32.0500,32.6000,1453541,47066420.0000,3,2.043252,1,-1.687100,21.963102,1.354214,212.164480,2.951110,0
2013-05-24,sz.002588,32.3300,32.6900,31.8400,32.6300,32.0500,1306487,42142624.0000,3,1.836537,1,1.809700,22.360562,1.378720,216.003962,3.004516,0
2013-05-27,sz.002588,32.3800,32.8600,32.0300,32.7000,32.6300,1759016,57229940.0000,3,2.472660,1,0.214500,22.408531,1.381678,216.467347,3.010961,0
2013-05-28,sz.002588,32.5700,32.7000,31.0800,31.5000,32.7000,2362079,74623984.0000,3,3.320390,1,-3.669700,21.586200,1.330974,208.523592,2.900467,0
2013-05-29,sz.002588,31.6000,31.8400,31.1300,31.4800,31.5000,1924997,60637644.0000,3,2.705981,1,-0.063500,21.572494,1.330129,208.391196,2.898626,0
2013-05-30,sz.002588,31.3000,31.3100,30.3000,30.9300,31.4800,2955398,90989576.0000,3,4.154422,1,-1.747100,21.195592,1.306890,204.750308,2.847983,0
2013-05-31,sz.002588,30.7700,31.0000,30.5800,30.7600,30.9300,1990798,61280336.0000,3,2.798478,1,-0.549628,21.079095,1.299707,203.624942,2.832329,0
2013-06-03,sz.002588,30.7600,30.9900,30.1400,30.7700,30.7600,1219262,37217352.0000,3,1.713925,1,0.032500,21.085948,1.300130,203.691140,2.833250,0
2013-06-04,sz.002588,30.5700,30.7700,29.5900,29.7400,30.7700,1759888,52831712.0000,3,2.473886,1,-3.347400,20.380114,1.256609,196.872750,2.738409,0
2013-06-05,sz.002588,29.7200,30.1400,29.5100,29.8900,29.7400,1213184,36261924.0000,3,1.705381,1,0.504400,20.482905,1.262947,197.865719,2.752221,0
2013-06-06,sz.002588,29.8900,30.0000,28.5000,28.7200,29.8900,2010855,58640856.0000,3,2.826672,1,-3.914400,19.681132,1.213511,190.120557,2.644489,0
2013-06-07,sz.002588,28.8500,29.0000,27.8000,28.2200,28.7200,1686819,47727704.0000,3,2.371173,1,-1.740900,19.338494,1.192384,186.810659,2.598450,0
2013-06-13,sz.002588,27.7800,27.7800,26.3100,27.0900,28.2200,2900130,78086696.0000,3,4.076732,1,-4.004300,18.564132,1.144638,179.330289,2.494402,0
2013-06-14,sz.002588,27.2700,28.6700,27.2100,28.5600,27.0900,2151981,60085368.0000,3,3.025054,1,5.426400,19.571488,1.206750,189.061390,2.629757,0
2013-06-17,sz.002588,28.5600,29.2700,28.2000,29.0700,28.5600,2206204,63312696.0000,3,3.101276,1,1.785700,19.920979,1.228299,192.437486,2.676717,0
2013-06-18,sz.002588,29.1900,29.9400,28.5700,29.1500,29.0700,1862190,54685484.0000,3,2.617693,1,0.275200,19.975801,1.231679,192.967070,2.684083,0
2013-06-19,sz.002588,28.8800,28.9900,27.9900,28.4500,29.1500,1059523,30056764.0000,3,1.489378,1,-2.401400,19.496107,1.202102,188.333212,2.619628,0
2013-06-20,sz.002588,28.0400,28.4500,27.5300,27.6200,28.4500,808462,22661020.0000,3,1.136460,1,-2.917400,18.927328,1.167032,182.838781,2.543203,0
2013-06-21,sz.002588,27.2100,28.1200,27.0200,27.8200,27.6200,777583,21410328.0000,3,1.093054,1,0.724100,19.064383,1.175483,184.162740,2.561619,0
2013-06-24,sz.002588,27.8800,28.0000,26.2000,26.6200,27.8200,1046775,28264560.0000,3,1.471459,1,-4.313400,18.242052,1.124779,176.218984,2.451125,0
2013-06-25,sz.002588,26.3000,27.1600,24.7000,26.9000,26.6200,1594551,41779644.0000,3,2.241471,1,1.051800,18.433929,1.136610,178.072527,2.476907,0
2013-06-26,sz.002588,26.6500,27.3900,26.3500,27.3600,26.9000,1352534,36382016.0000,3,1.901266,1,1.710000,18.749156,1.156046,181.117634,2.519263,0
2013-06-27,sz.002588,27.4000,28.5600,27.1600,27.5000,27.3600,1757337,49057276.0000,3,2.470300,1,0.511700,18.845095,1.161962,182.044405,2.532154,0
2013-06-28,sz.002588,27.1100,28.2700,26.9500,27.6400,27.5000,807064,22433128.0000,3,1.134495,1,0.509100,18.941034,1.167877,182.971177,2.545045,0
2013-07-01,sz.002588,27.6700,28.3000,27.6500,28.2400,27.6400,1037931,29091064.0000,3,1.459026,1,2.170800,19.352199,1.193229,186.943055,2.600292,0
2013-07-02,sz.002588,28.4800,28.6500,28.0000,28.6300,28.2400,1520771,43077224.0000,3,2.137758,1,1.381000,19.619457,1.209708,189.524775,2.636202,0
2013-07-03,sz.002588,28.5000,28.9700,28.1500,28.7000,28.6300,1198847,34254680.0000,3,1.685227,1,0.244500,19.667426,1.212665,189.988161,2.642648,0
2013-07-04,sz.002588,28.8500,29.2900,28.5000,28.9900,28.7000,1072591,31049832.0000,3,1.507748,1,1.010500,19.866156,1.224919,191.907902,2.669351,0
2013-07-05,sz.002588,28.8000,28.9500,28.2800,28.4000,28.9900,916262,26162698.0000,3,1.287996,1,-2.035200,19.461844,1.199990,188.002222,2.615024,0
2013-07-08,sz.002588,28.0200,28.0200,26.7700,26.8000,28.4000,1052288,28742702.0000,3,1.479208,1,-5.633800,18.365402,1.132385,177.410548,2.467699,0
2013-07-09,sz.002588,26.8100,27.1800,26.6800,26.8100,26.8000,471705,12692193.0000,3,0.663079,1,0.037300,18.372254,1.132807,177.476746,2.468620,0
2013-07-10,sz.002588,26.7800,27.7200,26.7800,27.7000,26.8100,749089,20425832.0000,3,1.052999,1,3.319700,18.982150,1.170412,183.368365,2.550570,0
2013-07-11,sz.002588,27.6600,28.9800,27.5000,28.6000,27.7000,1450636,41152428.0000,3,2.039169,1,3.249100,19.598899,1.208440,189.326182,2.633440,0
2013-07-12,sz.002588,28.6000,29.2300,28.2700,28.3000,28.6000,1370164,39443548.0000,3,1.926049,1,-1.049000,19.393316,1.195764,187.340243,2.605817,0
2013-07-15,sz.002588,28.2600,28.9000,28.2100,28.7800,28.3000,1164037,33257942.0000,3,1.636295,1,1.696100,19.722248,1.216046,190.517745,2.650014,0
2013-07-16,sz.002588,28.6000,29.2000,28.4000,29.2000,28.7800,1446467,41761692.0000,3,2.033308,1,1.459300,20.010064,1.233792,193.298060,2.688687,0
2013-07-17,sz.002588,29.0800,29.1900,28.2400,28.3300,29.2000,1130504,32423836.0000,3,1.589157,1,-2.979500,19.413874,1.197032,187.538837,2.608579,0
2013-07-18,sz.002588,28.3000,28.9500,28.0000,28.5800,28.3300,1019171,29071806.0000,3,1.432655,1,0.882500,19.585193,1.207595,189.193786,2.631599,0
2013-07-19,sz.002588,28.3100,28.9500,28.1500,28.1500,28.5800,897974,25684656.0000,3,1.262288,1,-1.504500,19.290524,1.189426,186.347273,2.592005,0
2013-07-22,sz.002588,27.6700,28.6300,27.2000,28.5700,28.1500,938902,26362632.0000,3,1.319821,1,1.492000,19.578340,1.207173,189.127588,2.630678,0
2013-07-23,sz.002588,28.5700,29.3200,28.5700,29.2300,28.5700,1590036,46268532.0000,3,2.235124,1,2.310100,20.030623,1.235060,193.496653,2.691449,0
2013-07-24,sz.002588,29.2800,30.1000,28.8100,29.9900,29.2300,1756004,51778020.0000,3,2.468426,1,2.600100,20.551433,1.267172,198.527699,2.761429,0
2013-07-25,sz.002588,29.9800,30.7000,29.6800,30.1500,29.9900,1621057,48988620.0000,3,2.278731,1,0.533500,20.661077,1.273933,199.586866,2.776161,0
2013-07-26,sz.002588,30.0000,30.4400,29.1000,29.7700,30.1500,1461023,43216588.0000,3,2.053770,1,-1.260400,20.400672,1.257876,197.071344,2.741172,0
2013-07-29,sz.002588,29.7800,29.8800,29.0500,29.5000,29.7700,1571588,46334432.0000,3,2.209192,1,-0.907000,18.463225,1.225368,-23.771832,2.610108,0
2013-07-30,sz.002588,29.4700,29.9600,28.8800,29.6400,29.5000,1588830,46891084.0000,3,2.233429,1,0.474600,18.550847,1.231183,-23.884648,2.622495,0
2013-07-31,sz.002588,29.7500,29.9800,28.8000,28.8600,29.6400,1424704,41817292.0000,3,2.002716,1,-2.631600,18.062667,1.198784,-23.256104,2.553482,0
2013-08-01,sz.002588,28.8600,29.5500,28.7700,29.5100,28.8600,1821635,53309532.0000,3,2.560684,1,2.252300,18.469483,1.225784,-23.779890,2.610993,0
2013-08-02,sz.002588,29.4500,29.9900,29.4000,29.7500,29.5100,1801799,53650192.0000,3,2.532801,1,0.813300,18.619693,1.235753,-23.973288,2.632228,0
2013-08-05,sz.002588,29.8300,31.2800,29.8300,31.1600,29.7500,3312590,101632592.0000,3,4.656530,1,4.739500,19.502172,1.294321,-25.109501,2.756982,0
2013-08-06,sz.002588,31.0000,31.6500,30.3500,30.5200,31.1600,3013966,93461608.0000,3,4.236752,1,-2.053900,19.101614,1.267737,-24.593773,2.700356,0
2013-08-07,sz.002588,30.4900,31.5700,30.4900,30.8900,30.5200,3531032,109761392.0000,3,4.963595,1,1.212300,19.333187,1.283106,-24.891929,2.733093,0
2013-08-08,sz.002588,30.8400,31.4000,30.5200,30.8000,30.8900,1714469,53133656.0000,3,2.410040,1,-0.291400,19.276858,1.279367,-24.819404,2.725130,0
2013-08-09,sz.002588,30.7800,31.0000,30.0600,30.5800,30.8000,2580748,78568896.0000,3,3.627775,1,-0.714300,19.139166,1.270229,-24.642123,2.705664,0
2013-08-12,sz.002588,30.5800,31.3800,30.3700,31.3100,30.5800,2010797,62349856.0000,3,2.826591,1,2.387200,19.596053,1.300552,-25.230375,2.770254,0
2013-08-13,sz.002588,31.3500,31.6400,30.9500,31.5000,31.3100,1827886,57222464.0000,3,2.569471,1,0.606800,19.714969,1.308444,-25.383482,2.787064,0
2013-08-14,sz.002588,31.5900,31.5900,30.8000,30.8500,31.5000,1582365,49179800.0000,3,2.224341,1,-2.063500,19.308152,1.281444,-24.859696,2.729554,0
2013-08-15,sz.002588,30.8000,31.0200,29.8700,29.9000,30.8500,1749662,52990324.0000,3,2.459511,1,-3.079400,18.713573,1.241983,-24.094162,2.645499,0
2013-08-16,sz.002588,29.7800,30.3000,28.6200,28.7000,29.9000,2432522,71508984.0000,3,3.419412,1,-4.013400,17.962527,1.192138,-23.127172,2.539325,0
2013-08-19,sz.002588,28.7000,29.4400,28.4800,29.2700,28.7000,1738571,50231396.0000,3,2.443921,1,1.986100,18.319274,1.215814,-23.586492,2.589758,0
2013-08-20,sz.002588,29.1900,29.4500,28.5000,28.9800,29.2700,1951054,56511088.0000,3,2.742609,1,-0.990800,18.137771,1.203768,-23.352803,2.564099,0
2013-08-21,sz.002588,28.8000,29.2100,28.6200,29.1000,28.9800,965908,27960002.0000,3,1.357783,1,0.414100,18.212876,1.208753,-23.449502,2.574717,0
2013-08-22,sz.002588,29.1300,29.7900,29.0500,29.5700,29.1000,1851902,54851968.0000,3,2.603231,1,1.615100,18.507036,1.228276,-23.828240,2.616301,0
2013-08-23,sz.002588,29.6300,30.1600,29.0000,29.1800,29.5700,1830582,54259848.0000,3,2.573261,1,-1.318900,18.262946,1.212076,-23.513968,2.581795,0
2013-08-26,sz.002588,29.2300,29.9700,29.2300,29.8900,29.1800,1562504,46355192.0000,3,2.196422,1,2.433200,18.707315,1.241568,-24.086104,2.644615,0
2013-08-27,sz.002588,29.9000,30.1000,29.6400,29.9300,29.8900,1104154,33033828.0000,3,1.552117,1,0.133800,18.732350,1.243229,-24.118337,2.648154,0
2013-08-28,sz.002588,29.6800,29.8000,28.8000,28.8100,29.9300,1893869,55385816.0000,3,2.662224,1,-3.742100,18.031373,1.196707,-23.215813,2.549058,0
2013-08-29,sz.002588,28.7100,29.1300,28.3100,28.4300,28.8100,1228672,35119568.0000,3,1.727152,1,-1.319000,17.793542,1.180923,-22.909599,2.515436,0
2013-08-30,sz.002588,28.4400,28.4800,28.0600,28.1600,28.4300,908176,25613528.0000,3,1.276629,1,-0.949700,17.624556,1.169707,-22.692027,2.491547,0
2013-09-02,sz.002588,28.3300,28.6500,28.1800,28.4700,28.1600,861974,24553264.0000,3,1.211683,1,1.100900,17.818576,1.182584,-22.941832,2.518975,0
2013-09-03,sz.002588,28.5500,28.8400,28.3600,28.6500,28.4700,1351192,38587288.0000,3,1.899380,1,0.632200,17.931233,1.190061,-23.086881,2.534901,0
2013-09-04,sz.002588,28.7100,29.9600,28.7100,29.8300,28.6500,4132081,122166896.0000,3,5.808494,1,4.118700,18.669762,1.239076,-24.037754,2.639306,0
2013-09-05,sz.002588,29.8200,30.3800,29.4300,29.6600,29.8300,1946491,58027640.0000,3,2.736195,1,-0.569900,18.563364,1.232014,-23.900764,2.624265,0
2013-09-06,sz.002588,30.0000,30.9100,29.6600,30.8600,29.6600,4307843,131326552.0000,3,6.055563,1,4.045900,19.314411,1.281860,-24.867754,2.730438,0
2013-09-09,sz.002588,30.7900,30.9700,30.2500,30.7000,30.8600,2387981,72851176.0000,3,3.356801,1,-0.518500,19.214271,1.275214,-24.738822,2.716282,0
2013-09-10,sz.002588,30.7800,30.7800,29.3900,29.5000,30.7000,3198672,95595744.0000,3,4.496394,1,-3.908800,18.463225,1.225368,-23.771832,2.610108,0
2013-09-11,sz.002588,29.6100,29.9300,28.5800,28.8800,29.5000,2410437,70076190.0000,3,3.388367,1,-2.101700,18.075184,1.199615,-23.272221,2.555251,0
2013-09-12,sz.002588,28.9000,29.1800,28.5100,29.1700,28.8800,1923306,55326039.0000,3,2.703604,1,1.004200,18.256687,1.211661,-23.505910,2.580910,0
2013-09-13,sz.002588,29.1000,29.1000,28.6500,28.9200,29.1700,1120606,32298258.0000,3,1.575243,1,-0.857000,18.100219,1.201276,-23.304454,2.558791,0
2013-09-16,sz.002588,28.9200,29.4900,28.9200,29.2000,28.9200,1049593,30590074.0000,3,1.475420,1,0.968200,18.275463,1.212907,-23.530085,2.583565,0
2013-09-17,sz.002588,29.3600,29.3600,28.5500,28.5800,29.2000,1179107,33930088.0000,3,1.657478,1,-2.123300,17.887422,1.187153,-23.030473,2.528708,0
2013-09-18,sz.002588,28.7000,28.7000,28.1000,28.4000,28.5800,1170790,33198490.0000,3,1.645787,1,-0.629800,17.774765,1.179676,-22.885425,2.512782,0
2013-09-23,sz.002588,28.5800,29.1500,28.3000,29.0800,28.4000,1739148,50007773.0000,3,2.444732,1,2.394400,18.200358,1.207922,-23.433386,2.572947,0
2013-09-24,sz.002588,29.0800,29.0800,28.4500,28.6900,29.0800,1326835,38118135.0000,3,1.865141,1,-1.341100,17.956268,1.191722,-23.119114,2.538441,0
2013-09-25,sz.002588,28.4500,28.7900,28.2500,28.3000,28.6900,1092545,31088835.0000,3,1.535798,1,-1.359400,17.712178,1.175523,-22.804842,2.503934,0
2013-09-26,sz.002588,28.3800,28.4500,27.4000,27.4100,28.3000,1932882,53806507.0000,3,2.717065,1,-3.144900,17.155152,1.138554,-22.087658,2.425188,0
2013-09-27,sz.002588,27.5300,27.5300,27.0000,27.4800,27.4100,1994943,54169318.0000,3,2.804305,1,0.255400,17.198963,1.141462,-22.144066,2.431382,0
2013-09-30,sz.002588,27.5000,27.6300,27.0600,27.3600,27.4800,1875786,51227570.0000,3,2.636805,1,-0.436700,17.123858,1.136477,-22.047367,2.420765,0
2013-10-08,sz.002588,27.3000,27.5800,26.7700,27.5800,27.3600,2152454,58512599.0000,3,3.025719,1,0.804100,17.261550,1.145615,-22.224648,2.440230,0
2013-10-09,sz.002588,27.3500,27.9400,27.2200,27.7800,27.5800,2496575,69245748.0000,3,3.509452,1,0.725200,17.386725,1.153923,-22.385813,2.457925,0
2013-10-10,sz.002588,27.8000,27.9600,27.1000,27.2300,27.7800,1780810,48839065.0000,3,2.503296,1,-1.979800,17.042495,1.131077,-21.942610,2.409262,0
2013-10-11,sz.002588,27.3400,28.0400,27.3300,27.9900,27.2300,2122149,58752167.0000,3,2.983119,1,2.791000,17.518158,1.162646,-22.555037,2.476506,0
2013-10-14,sz.002588,27.9800,28.5700,27.9000,28.3300,27.9900,2026824,57227550.0000,3,2.849120,1,1.214700,17.730954,1.176769,-22.829017,2.506588,0
2013-10-15,sz.002588,28.3600,28.4000,27.8300,28.1000,28.3300,1406228,39429077.0000,3,1.976744,1,-0.811900,17.587004,1.167215,-22.643677,2.486238,0
2013-10-16,sz.002588,28.1000,28.1100,26.9300,26.9600,28.1000,1955568,53309139.0000,3,2.748955,1,-4.056900,16.873510,1.119862,-21.725037,2.385373,0
2013-10-17,sz.002588,27.3000,27.5400,27.0000,27.0200,26.9600,2130814,57964945.0000,3,2.995299,1,0.222600,16.911062,1.122354,-21.773386,2.390682,0
2013-10-18,sz.002588,27.0800,27.4900,27.0000,27.2700,27.0200,1080014,29423300.0000,3,1.518183,1,0.925200,17.067530,1.132739,-21.974843,2.412802,0
2013-10-21,sz.002588,27.3100,28.2900,27.1700,28.2300,27.2700,2037880,56749930.0000,3,2.864661,1,3.520400,17.668367,1.172615,-22.748435,2.497741,0
2013-10-22,sz.002588,28.2000,28.4500,27.8500,27.9400,28.2300,1962044,55149667.0000,3,2.758058,1,-1.027300,17.486864,1.160569,-22.514745,2.472082,0
2013-10-23,sz.002588,27.9700,28.2200,27.3200,27.3400,27.9400,1516828,41964196.0000,3,2.132215,1,-2.147500,17.111341,1.135646,-22.031250,2.418995,0
2013-10-24,sz.002588,27.3000,28.2800,27.2100,28.1200,27.3400,2160067,60404790.0000,3,3.036420,1,2.853000,17.599521,1.168046,-22.659794,2.488008,0
2013-10-25,sz.002588,28.4800,28.5000,27.6800,27.7300,28.1200,2038268,57015261.0000,3,2.865207,1,-1.386900,15.994836,1.193894,-53.739205,2.338716,0
2013-10-28,sz.002588,27.8000,28.4900,27.8000,28.2800,27.7300,2116550,59789387.0000,3,2.975248,1,1.983400,16.312079,1.217574,-54.805074,2.385102,0
2013-10-29,sz.002588,28.2800,28.4700,26.9000,27.7600,28.2800,2544234,70344740.0000,3,3.576447,1,-1.838800,16.012140,1.195186,-53.797343,2.341246,0
2013-10-30,sz.002588,27.8000,28.0200,27.3300,27.9700,27.7600,1682271,46571639.0000,3,2.364779,1,0.756500,16.133269,1.204227,-54.204312,2.358957,0
2013-10-31,sz.002588,27.8000,28.6000,27.3700,28.5200,27.9700,3209726,90400543.0000,3,4.511933,1,1.966400,16.450513,1.227907,-55.270181,2.405343,0
2013-11-01,sz.002588,28.4500,28.5100,27.9000,28.1600,28.5200,1699117,48022725.0000,3,2.388460,1,-1.262300,16.242862,1.212408,-54.572521,2.374981,0
2013-11-04,sz.002588,28.1200,28.9500,28.1200,28.4700,28.1600,1921395,54975905.0000,3,2.700918,1,1.100900,16.421672,1.225754,-55.173284,2.401126,0
2013-11-05,sz.002588,28.5000,28.7400,28.1500,28.6300,28.4700,1602523,45715921.0000,3,2.252677,1,0.562000,16.513961,1.232643,-55.483355,2.414621,0
2013-11-06,sz.002588,28.7100,28.9800,28.2300,28.2300,28.6300,1848055,52955410.0000,3,2.597823,1,-1.397100,16.283239,1.215421,-54.708177,2.380885,0
2013-11-07,sz.002588,28.2000,28.3600,27.5000,27.5500,28.2300,1417561,39591706.0000,3,1.992675,1,-2.408800,15.891011,1.186144,-53.390375,2.323535,0
2013-11-08,sz.002588,27.5000,27.6200,27.0900,27.4100,27.5500,1135063,31054025.0000,3,1.595566,1,-0.508200,15.810258,1.180117,-53.119063,2.311727,0
2013-11-11,sz.002588,27.3000,27.4600,27.0900,27.4200,27.4100,1286062,35107223.0000,3,1.807826,1,0.036500,15.816026,1.180547,-53.138442,2.312571,0
2013-11-12,sz.002588,27.4200,27.7900,27.4000,27.7100,27.4200,1045010,28834125.0000,3,1.468977,1,1.057600,15.983300,1.193033,-53.700446,2.337029,0
2013-11-13,sz.002588,27.5700,27.5800,26.9800,27.1100,27.7100,1380303,37629243.0000,3,1.940301,1,-2.165300,15.637216,1.167201,-52.537679,2.286425,0
2013-11-14,sz.002588,27.1100,28.7800,27.1100,28.6000,27.1100,3635030,102614172.0000,3,5.109786,1,5.496100,16.496657,1.231351,-55.425217,2.412090,0
2013-11-15,sz.002588,28.7100,29.7000,28.7100,29.2900,28.6000,4790862,140428584.0000,3,6.734546,1,2.412600,16.894653,1.261059,-56.762399,2.470284,0
2013-11-18,sz.002588,29.7000,30.3000,29.2900,30.0000,29.2900,4847685,145222226.0000,3,6.814423,1,2.424000,17.304186,1.291627,-58.138339,2.530165,0
2013-11-19,sz.002588,30.1000,30.3400,29.7100,29.8900,30.0000,3221018,96421114.0000,3,4.527806,1,-0.366700,17.240737,1.286891,-57.925165,2.520887,0
2013-11-20,sz.002588,29.9000,30.2500,29.4500,30.0300,29.8900,2926992,87201237.0000,3,4.114492,1,0.468400,17.321490,1.292919,-58.196478,2.532695,0
2013-11-21,sz.002588,29.9100,30.0400,29.2000,30.0300,30.0300,2957241,87765460.0000,3,4.157013,1,0.000000,17.321490,1.292919,-58.196478,2.532695,0
2013-11-22,sz.002588,30.2600,33.0300,30.2500,33.0300,30.0300,5458289,176616187.0000,3,7.672753,1,9.990000,19.051909,1.422082,-64.010312,2.785711,0
2013-11-25,sz.002588,34.4900,34.4900,32.6000,32.9800,33.0300,11465517,386012704.0000,3,16.117153,1,-0.151400,19.023068,1.419929,-63.913414,2.781494,0
2013-11-26,sz.002588,32.6600,35.9500,32.2100,34.9700,32.9800,8233113,280636544.0000,3,11.573341,1,6.034000,20.170913,1.505607,-67.769924,2.949329,0
2013-11-27,sz.002588,34.5100,35.5900,34.1200,34.2700,34.9700,10614522,368522656.0000,3,14.920904,1,-2.001700,19.767148,1.475469,-66.413363,2.890291,0
2013-11-28,sz.002588,34.4100,35.5700,34.3800,34.8800,34.2700,9665301,337598352.0000,3,13.586577,1,1.780000,20.119000,1.501732,-67.595509,2.941738,0
2013-11-29,sz.002588,35.0800,37.7800,34.7000,36.5400,34.8800,12196064,436518704.0000,3,17.144088,1,4.759200,21.076498,1.573202,-70.812497,3.081741,0
2013-12-02,sz.002588,34.3800,36.1300,33.4000,34.4800,36.5400,10427949,365537984.0000,3,14.658637,1,-5.637700,19.888278,1.484510,-66.820331,2.908003,0
2013-12-03,sz.002588,35.0000,37.9000,34.6000,37.6000,34.4800,11087464,403434912.0000,3,15.585721,1,9.048700,21.687913,1.618840,-72.866719,3.171140,0
2013-12-04,sz.002588,37.0300,40.8000,37.0000,37.9000,37.6000,14529891,568079488.0000,3,20.424764,1,0.797900,21.860955,1.631756,-73.448102,3.196441,0
2013-12-05,sz.002588,38.0100,39.6000,37.3700,38.3500,37.9000,8026382,309733680.0000,3,11.282738,1,1.187300,22.120518,1.651130,-74.320177,3.234394,0
2013-12-06,sz.002588,38.2000,38.7300,36.9100,38.1600,38.3500,7418315,279302912.0000,3,10.427974,1,-0.495400,22.010924,1.642950,-73.951968,3.218369,0
2013-12-09,sz.002588,37.9600,39.9800,37.7100,39.2800,38.1600,8706225,338801984.0000,3,12.238398,1,2.935000,22.656947,1.691171,-76.122466,3.312829,0
2013-12-10,sz.002588,39.1700,39.6700,38.0100,38.6700,39.2800,5313526,205589013.0000,3,7.469259,1,-1.553000,22.305096,1.664908,-74.940319,3.261382,0
2013-12-11,sz.002588,38.4000,38.5000,37.4000,38.0400,38.6700,5808165,219668763.0000,3,8.164576,1,-1.629200,21.941708,1.637784,-73.719414,3.208249,0
2013-12-12,sz.002588,37.9200,38.4000,36.9500,37.8400,38.0400,6551220,246487039.0000,3,9.209093,1,-0.525800,21.826346,1.629173,-73.331825,3.191381,0
2013-12-13,sz.002588,37.2600,37.7600,36.9500,37.5900,37.8400,4389640,163936656.0000,3,6.170546,1,-0.660700,21.682145,1.618409,-72.847339,3.170296,0
2013-12-16,sz.002588,37.9000,37.9900,35.6000,35.6900,37.5900,6509785,237604211.0000,3,9.150848,1,-5.054500,20.586213,1.536606,-69.165244,3.010053,0
2013-12-17,sz.002588,35.4500,36.4100,35.4500,35.7000,35.6900,3209529,115135725.0000,3,4.511656,1,0.028000,20.591981,1.537037,-69.184624,3.010896,0
2013-12-18,sz.002588,35.7200,35.9500,34.6000,34.6400,35.7000,3754283,131433320.0000,3,5.277420,1,-2.969200,19.980567,1.491399,-67.130402,2.921497,0
2013-12-19,sz.002588,34.9900,35.1900,34.5000,34.6000,34.6400,2770297,96481540.0000,3,3.894225,1,-0.115500,19.957494,1.489677,-67.052885,2.918123,0
2013-12-20,sz.002588,34.6600,36.0000,34.4900,35.6000,34.6000,4249334,150336297.0000,3,5.973317,1,2.890200,20.534301,1.532731,-68.990829,3.002462,0
2013-12-23,sz.002588,35.5000,35.9800,34.6000,35.6000,35.6000,2998065,106216961.0000,3,4.214400,1,0.000000,20.534301,1.532731,-68.990829,3.002462,0
2013-12-24,sz.002588,35.5000,36.5600,35.2600,36.2000,35.6000,4465301,161234462.0000,3,6.276903,1,1.685400,20.880384,1.558564,-70.153596,3.053065,0
2013-12-25,sz.002588,36.2800,37.7200,35.8000,37.6000,36.2000,5520614,204773231.0000,3,7.760364,1,3.867400,21.687913,1.618840,-72.866719,3.171140,0
2013-12-26,sz.002588,37.4800,37.9500,35.6000,35.7600,37.6000,4679556,172574856.0000,3,6.578083,1,-4.893600,20.626590,1.539620,-69.300900,3.015956,0
2013-12-27,sz.002588,35.5900,36.4800,35.3600,36.0900,35.7600,3097074,111572736.0000,3,4.353577,1,0.922800,20.816936,1.553828,-69.940422,3.043788,0
2013-12-30,sz.002588,36.3200,37.3800,36.2000,36.7900,36.0900,3187118,117754629.0000,3,4.480153,1,1.939600,21.220700,1.583966,-71.296983,3.102825,0
2013-12-31,sz.002588,36.6000,37.1800,36.2900,36.8900,36.7900,2614234,96219271.0000,3,3.658932,1,0.271800,21.278381,1.588271,-71.490778,3.111259,0
2014-01-02,sz.002588,36.7000,36.9500,36.4900,36.8100,36.8900,2695742,98933151.0000,3,3.773013,1,-0.216900,21.232236,1.584827,-71.335742,3.104512,0
2014-01-03,sz.002588,36.6300,36.6400,34.8000,34.9000,36.8100,7203383,254392927.0000,3,10.081994,1,-5.188800,20.130536,1.502593,-67.634268,2.943425,0
2014-01-06,sz.002588,35.1100,35.3400,33.5200,33.8500,34.9000,4582603,155968934.0000,3,6.413900,1,-3.008600,19.524890,1.457386,-65.599426,2.854869,0
2014-01-07,sz.002588,33.6800,34.2600,33.3500,33.7000,33.8500,2759992,93243869.0000,3,3.862938,1,-0.443100,19.438369,1.450928,-65.308734,2.842218,0
2014-01-08,sz.002588,33.8200,34.3500,33.4200,34.0400,33.7000,2708524,92019932.0000,3,3.790902,1,1.008900,19.634483,1.465567,-65.967636,2.870894,0
2014-01-09,sz.002588,34.0800,34.9700,33.9600,34.0000,34.0400,2944246,101471308.0000,3,4.120824,1,-0.117500,19.611411,1.463844,-65.890118,2.867520,0
2014-01-10,sz.002588,33.7000,33.7300,32.7700,32.9000,34.0000,2895903,96019281.0000,3,4.053162,1,-3.235300,18.976924,1.416485,-63.758379,2.774747,0
2014-01-13,sz.002588,32.9700,33.5900,32.8600,33.2300,32.9000,1946655,64546943.0000,3,2.724576,1,1.003000,19.167270,1.430693,-64.397900,2.802579,0
2014-01-14,sz.002588,33.3600,33.9900,33.0100,33.9900,33.2300,2245143,75394455.0000,3,3.142345,1,2.287100,19.605643,1.463414,-65.870738,2.866677,0
2014-01-15,sz.002588,33.9800,34.6700,33.7500,34.6500,33.9900,2749567,94240899.0000,3,3.848347,1,1.941700,19.986335,1.491830,-67.149782,2.922340,0
2014-01-16,sz.002588,34.6600,34.7800,34.0800,34.2600,34.6500,2177012,74798736.0000,3,3.046988,1,-1.125500,19.761380,1.475038,-66.393983,2.889448,0
2014-01-17,sz.002588,34.0000,34.5000,33.6500,34.1000,34.2600,1712683,58249376.0000,3,2.397104,1,-0.467000,19.669091,1.468150,-66.083912,2.875954,0
2014-01-20,sz.002588,34.2500,34.9400,33.5000,33.7000,34.1000,2172455,74382450.0000,3,3.040610,1,-1.173000,19.438369,1.450928,-65.308734,2.842218,0
2014-01-21,sz.002588,34.0100,35.1300,33.8900,34.9600,33.7000,3670845,127033245.0000,3,5.137786,1,3.738900,18.858216,1.436856,-67.750545,2.948485,0
2014-01-22,sz.002588,35.0100,35.8600,35.0100,35.5100,34.9600,3539674,125892866.0000,3,4.954196,1,1.573200,19.154898,1.459461,-68.816414,2.994872,0
2014-01-23,sz.002588,35.8000,35.9000,35.4300,35.5100,35.5100,3094988,110134475.0000,3,4.331805,1,0.000000,19.154898,1.459461,-68.816414,2.994872,0
2014-01-24,sz.002588,35.4200,36.0700,35.2800,35.7600,35.5100,2570729,92068773.0000,3,3.598042,1,0.704000,19.289754,1.469736,-69.300900,3.015956,0
2014-01-27,sz.002588,35.4200,35.6800,34.8700,35.0000,35.7600,2561238,89967782.0000,3,3.584758,1,-2.125300,18.879793,1.438500,-67.828062,2.951859,0
2014-01-28,sz.002588,34.9000,35.3400,34.6500,34.9500,35.0000,1759136,61578739.0000,3,2.462121,1,-0.142900,18.852822,1.436445,-67.731165,2.947642,0
2014-01-29,sz.002588,34.9900,35.5700,34.9500,35.5600,34.9500,1574415,55629215.0000,3,2.203582,1,1.745400,19.181869,1.461516,-68.913311,2.999089,0
2014-01-30,sz.002588,35.7000,35.7000,34.8800,35.0000,35.5600,1473133,51882946.0000,3,2.061825,1,-1.574800,18.879793,1.438500,-67.828062,2.951859,0
2014-02-07,sz.002588,34.5000,36.1900,34.3800,35.9700,35.0000,2419632,86029527.0000,3,3.386564,1,2.771400,19.403033,1.478367,-69.707869,3.033667,0
2014-02-10,sz.002588,36.3000,36.8500,35.7900,36.5700,35.9700,3667137,133298509.0000,3,5.132596,1,1.668100,19.726686,1.503027,-70.870636,3.084271,0
2014-02-11,sz.002588,36.5000,36.6800,35.8400,36.0900,36.5700,3073788,111438135.0000,3,4.302133,1,-1.312600,19.467763,1.483299,-69.940422,3.043788,0
2014-02-12,sz.002588,36.0700,38.2500,35.8800,37.8400,36.0900,5942182,222249602.0000,3,8.316793,1,4.849000,20.411753,1.555224,-73.331825,3.191381,0
2014-02-13,sz.002588,37.6500,37.6500,36.4200,36.4800,37.8400,3687884,136738208.0000,3,5.161634,1,-3.594100,19.678138,1.499328,-70.696221,3.076680,0
2014-02-14,sz.002588,36.4500,37.1700,36.0600,36.9700,36.4800,2558038,93919609.0000,3,3.580279,1,1.343200,19.942455,1.519467,-71.645813,3.118006,0
2014-02-17,sz.002588,37.1800,37.7900,37.1800,37.3600,36.9700,2518083,94265145.0000,3,3.524358,1,1.054900,20.152830,1.535496,-72.401612,3.150898,0
2014-02-18,sz.002588,37.4500,37.6500,36.7900,36.9900,37.3600,2492553,92330156.0000,3,3.488625,1,-0.990400,19.953244,1.520289,-71.684572,3.119693,0
2014-02-19,sz.002588,36.8000,37.7500,36.5100,37.1900,36.9900,2821430,104701141.0000,3,3.948928,1,0.540700,20.061128,1.528509,-72.072161,3.136561,0
2014-02-20,sz.002588,36.9700,37.2400,35.9100,35.9900,37.1900,2732055,99477265.0000,3,3.823837,1,-3.226700,19.413821,1.479189,-69.746628,3.035354,0
2014-02-21,sz.002588,35.9000,36.2000,35.3100,35.5000,35.9900,2171102,77673164.0000,3,3.038716,1,-1.361500,19.149504,1.459050,-68.797035,2.994028,0
2014-02-24,sz.002588,35.1800,35.5400,34.8000,34.9600,35.5000,2155784,75476052.0000,3,3.017277,1,-1.521100,18.858216,1.436856,-67.750545,2.948485,0
2014-02-25,sz.002588,35.0500,35.2800,33.0200,33.3000,34.9600,3662283,124652819.0000,3,5.125802,1,-4.748300,17.962774,1.368630,-64.533557,2.808483,0
2014-02-26,sz.002588,33.2600,33.2600,32.2300,32.6500,33.3000,4585909,150079806.0000,3,6.418527,1,-1.952000,17.612149,1.341915,-63.273893,2.753663,0
2014-02-27,sz.002588,32.7000,34.0500,32.6800,32.7500,32.6500,3349020,112037756.0000,3,4.687353,1,0.306300,17.666092,1.346025,-63.467687,2.762096,0
2014-02-28,sz.002588,33.0000,33.6000,32.7100,33.5100,32.7500,1766872,58626908.0000,3,2.472948,1,2.320600,18.076053,1.377261,-64.940525,2.826194,0
2014-03-03,sz.002588,33.2000,34.1700,33.2000,33.9500,33.5100,1852983,62664680.0000,3,2.593471,1,1.313000,18.313399,1.395345,-65.793221,2.863303,0
2014-03-04,sz.002588,33.6600,33.8400,32.9000,33.4000,33.9500,1615288,53866164.0000,3,2.260788,1,-1.620000,18.016716,1.372740,-64.727351,2.816917,0
2014-03-05,sz.002588,33.8800,34.0000,33.3800,33.4000,33.4000,1325738,44619166.0000,3,1.855528,1,0.000000,18.016716,1.372740,-64.727351,2.816917,0
2014-03-06,sz.002588,33.3000,33.3000,32.6200,32.8500,33.4000,1532168,50480445.0000,3,2.144452,1,-1.646700,17.720034,1.350135,-63.661481,2.770530,0
2014-03-07,sz.002588,32.9400,33.8000,32.9400,33.3300,32.8500,1550933,51794794.0000,3,2.170716,1,1.461200,17.978957,1.369863,-64.591695,2.811013,0
2014-03-10,sz.002588,33.0000,33.0000,31.8000,31.8500,33.3300,1864770,60245529.0000,3,2.609968,1,-4.440400,17.180611,1.309035,-61.723537,2.686192,0
2014-03-11,sz.002588,31.8200,31.9400,31.2100,31.4600,31.8500,2800447,88144375.0000,3,3.919560,1,-1.224500,16.970236,1.293006,-60.967738,2.653299,0
2014-03-12,sz.002588,31.3600,31.7500,30.9700,31.6500,31.4600,1615280,50723196.0000,3,2.260777,1,0.603900,17.072727,1.300815,-61.335948,2.669324,0
2014-03-13,sz.002588,31.6900,32.0800,31.5100,31.8000,31.6500,1477879,46988731.0000,3,2.068468,1,0.473900,17.153640,1.306980,-61.626640,2.681975,0
2014-03-14,sz.002588,31.7000,31.9200,31.5000,31.7300,31.8000,1031410,32718458.0000,3,1.443581,1,-0.220100,17.115881,1.304103,-61.490983,2.676071,0
2014-03-17,sz.002588,31.7300,32.2800,31.6700,32.2600,31.7300,1357353,43560943.0000,3,1.899777,1,1.670300,17.401775,1.325886,-62.518094,2.720770,0
2014-03-18,sz.002588,32.4000,33.6500,32.4000,32.9600,32.2600,2437436,80767147.0000,3,3.411482,1,2.169900,17.779370,1.354656,-63.874655,2.779808,0
2014-03-19,sz.002588,32.8500,32.9400,32.4100,32.9000,32.9600,1352001,44151712.0000,3,1.892287,1,-0.182000,17.747005,1.352190,-63.758379,2.774747,0
2014-03-20,sz.002588,32.8900,33.2000,32.5000,32.5000,32.9000,1174999,38594316.0000,3,1.644551,1,-1.215800,17.531236,1.335750,-62.983201,2.741012,0
2014-03-21,sz.002588,32.3500,33.2900,31.7900,33.2500,32.5000,1789400,58290219.0000,3,2.504479,1,2.307700,17.935803,1.366575,-64.436659,2.804266,0
2014-03-24,sz.002588,33.3000,33.8800,33.1300,33.3500,33.2500,2113590,70958457.0000,3,2.958221,1,0.300700,17.989745,1.370685,-64.630454,2.812700,0
2014-03-25,sz.002588,33.0000,33.0000,31.6900,31.8900,33.3500,3328630,107362713.0000,3,4.658815,1,-4.377800,17.640042,1.310679,45.247766,2.627103,0
2014-03-26,sz.002588,31.9300,32.1000,31.6900,31.8100,31.8900,1545022,49245081.0000,3,2.162443,1,-0.250900,17.595790,1.307391,45.134257,2.620512,0
2014-03-27,sz.002588,31.7900,32.1000,31.5400,31.5400,31.8100,1306044,41580583.0000,3,1.827964,1,-0.848800,17.446438,1.296294,44.751162,2.598270,0
2014-03-28,sz.002588,31.2200,31.6000,30.9000,30.9100,31.5400,1653395,51487459.0000,3,2.314124,1,-1.997500,17.097952,1.270401,43.857274,2.546370,0
2014-03-31,sz.002588,30.9400,31.1800,30.7200,30.9400,30.9100,805994,24928880.0000,3,1.128085,1,0.097100,17.114547,1.271634,43.899840,2.548842,0
2014-04-01,sz.002588,30.9300,31.6100,30.9000,31.5600,30.9400,1034272,32415429.0000,3,1.447587,1,2.003900,17.457502,1.297116,44.779539,2.599917,0
2014-04-02,sz.002588,31.5800,31.7500,31.0000,31.3000,31.5600,1133238,35447493.0000,3,1.586102,1,-0.823800,17.313682,1.286430,44.410633,2.578499,0
2014-04-03,sz.002588,31.3100,31.4700,30.7500,30.8100,31.3000,1439909,44806298.0000,3,2.015324,1,-1.565500,17.042637,1.266291,43.715387,2.538132,0
2014-04-04,sz.002588,30.8500,31.2700,30.7600,31.1700,30.8100,900083,27936474.0000,3,1.259774,1,1.168500,17.241772,1.281087,44.226180,2.567789,0
2014-04-08,sz.002588,31.2700,31.6400,31.0600,31.5400,31.1700,1518258,47651302.0000,3,2.124983,1,1.187000,17.446438,1.296294,44.751162,2.598270,0
2014-04-09,sz.002588,31.5900,31.7400,31.5300,31.6400,31.5400,1346493,42587156.0000,3,1.884578,1,0.317100,17.501754,1.300404,44.893049,2.606508,0
2014-04-10,sz.002588,31.5700,31.9900,31.5500,31.7700,31.6400,1437947,45755580.0000,3,2.012578,1,0.410900,17.573664,1.305747,45.077502,2.617217,0
2014-04-11,sz.002588,31.7000,31.7000,31.2500,31.5100,31.7700,1296724,40721857.0000,3,1.814920,1,-0.818400,17.429844,1.295061,44.708596,2.595798,0
2014-04-14,sz.002588,31.4800,31.7300,31.3500,31.7000,31.5100,971337,30621706.0000,3,1.359502,1,0.603000,17.534943,1.302870,44.978181,2.611451,0
2014-04-15,sz.002588,31.6800,31.8900,31.3400,31.7500,31.7000,1249912,39523158.0000,3,1.749401,1,0.157700,17.562601,1.304925,45.049125,2.615570,0
2014-04-16,sz.002588,31.7000,31.7400,31.3500,31.5900,31.7500,864648,27275500.0000,3,1.210178,1,-0.503900,17.474096,1.298349,44.822105,2.602389,0
2014-04-17,sz.002588,31.6200,32.3800,31.6000,32.0600,31.5900,1971841,63320583.0000,3,2.759827,1,1.487800,16.873605,1.346780,-95.004159,2.543136,0
2014-04-18,sz.002588,31.9900,32.2200,31.8100,32.1700,32.0600,995943,31887488.0000,3,1.393941,1,0.343100,16.931499,1.351400,-95.330125,2.551862,0
2014-04-21,sz.002588,32.0100,32.0100,31.3300,31.4400,32.1700,1602082,50750381.0000,3,2.242305,1,-2.269200,16.547291,1.320735,-93.166899,2.493955,0
2014-04-22,sz.002588,31.4200,31.5800,31.0300,31.2300,31.4400,1130903,35298530.0000,3,1.582834,1,-0.667900,16.436765,1.311913,-92.544601,2.477297,0
2014-04-23,sz.002588,31.3800,31.5700,31.2300,31.2900,31.2300,617657,19374875.0000,3,0.864485,1,0.192100,16.468344,1.314433,-92.722400,2.482056,0
2014-04-24,sz.002588,31.2900,31.3000,30.7700,30.9200,31.2900,761129,23582543.0000,3,1.065291,1,-1.182500,16.273608,1.298890,-91.625970,2.452706,0
2014-04-25,sz.002588,30.9100,30.9200,29.9500,29.9500,30.9200,1849664,55970399.0000,3,2.588825,1,-3.137100,15.763084,1.258142,-88.751546,2.375762,0
2014-04-28,sz.002588,29.9200,29.9900,28.3700,28.3700,29.9500,1514212,43602351.0000,3,2.119320,1,-5.275500,14.931509,1.191770,-84.069495,2.250430,0
2014-04-29,sz.002588,28.4100,28.8600,28.4000,28.8100,28.3700,936026,26757039.0000,3,1.309516,1,1.550900,15.163087,1.210253,-85.373357,2.285332,0
2014-04-30,sz.002588,28.8100,29.2900,28.6900,29.2500,28.8100,834176,24277598.0000,3,1.167026,1,1.527200,15.394665,1.228737,-86.677220,2.320235,0
2014-05-05,sz.002588,29.2500,29.5800,29.1500,29.5800,29.2500,639127,18799522.0000,3,0.894149,1,1.128200,15.568348,1.242599,-87.655116,2.346412,0
2014-05-06,sz.002588,29.7300,29.9500,29.5600,29.7300,29.5800,801129,23824438.0000,3,1.120793,1,0.507100,15.647295,1.248901,-88.099615,2.358311,0
2014-05-07,sz.002588,29.6800,29.7700,29.1500,29.2400,29.7300,774609,22681581.0000,3,1.083691,1,-1.648200,15.389401,1.228317,-86.647586,2.319442,0
2014-05-08,sz.002588,29.2400,29.7300,29.0300,29.1000,29.2400,911796,26786750.0000,3,1.275618,1,-0.478800,15.315718,1.222436,-86.232721,2.308336,0
2014-05-09,sz.002588,21.7900,22.0000,21.1900,21.2600,22.0000,1228790,26295751.0000,3,1.322383,1,-3.363600,14.546248,1.161020,-81.900342,2.192364,0
2014-05-12,sz.002588,21.5500,21.7600,21.2700,21.6400,21.2600,1045435,22552410.0000,3,1.125062,1,1.787400,14.806246,1.181772,-83.364224,2.231550,0
2014-05-13,sz.002588,21.7200,21.9100,21.5600,21.6100,21.6400,749486,16262705.0000,3,0.806572,1,-0.138600,14.785720,1.180133,-83.248654,2.228457,0
2014-05-14,sz.002588,21.5700,21.6100,21.4000,21.5000,21.6100,870888,18697153.0000,3,0.937221,1,-0.509000,14.710457,1.174126,-82.824899,2.217113,0
2014-05-15,sz.002588,21.4100,22.2300,21.3000,21.7800,21.5000,2449431,53727767.0000,3,2.635996,1,1.302300,14.902035,1.189417,-83.903549,2.245987,0
2014-05-16,sz.002588,21.5900,21.7100,21.2300,21.2800,21.7800,1265621,27102957.0000,3,1.362019,1,-2.295700,14.559932,1.162112,-81.977388,2.194427,0
2014-05-19,sz.002588,21.2700,21.3400,20.9600,21.0600,21.2800,834455,17568877.0000,3,0.898013,1,-1.033800,14.409406,1.150098,-81.129878,2.171740,0
2014-05-20,sz.002588,21.3000,21.4600,21.0100,21.1600,21.0600,674639,14342613.0000,3,0.726024,1,0.474800,14.477827,1.155559,-81.515110,2.182052,0
2014-05-21,sz.002588,21.2900,21.4400,21.0100,21.4200,21.1600,759495,16161377.0000,3,0.817343,1,1.228700,14.655721,1.169757,-82.516713,2.208864,0
2014-05-22,sz.002588,21.4500,21.7200,21.2200,21.2400,21.4200,906258,19491947.0000,3,0.975285,1,-0.840300,14.532563,1.159928,-81.823295,2.190302,0
2014-05-23,sz.002588,21.3400,21.5000,21.1500,21.4700,21.2400,728757,15524135.0000,3,0.784264,1,1.082900,14.689931,1.172488,-82.709329,2.214020,0
2014-05-26,sz.002588,21.4700,21.6700,21.2700,21.6000,21.4700,1182260,25394052.0000,3,1.272309,1,0.605500,14.778878,1.179587,-83.210131,2.227426,0
2014-05-27,sz.002588,21.5800,21.5900,21.4000,21.4200,21.6000,959449,20601611.0000,3,1.032527,1,-0.833300,14.655721,1.169757,-82.516713,2.208864,0
2014-05-28,sz.002588,21.4800,21.5900,21.2100,21.4900,21.4200,1445364,30936374.0000,3,1.555453,1,0.326800,14.703615,1.173580,-82.786376,2.216082,0
2014-05-29,sz.002588,21.4800,21.6200,21.2600,21.2600,21.4900,1368462,29378888.0000,3,1.472693,1,-1.070300,14.546248,1.161020,-81.900342,2.192364,0
2014-05-30,sz.002588,21.2600,21.3500,20.5300,20.6100,21.2600,2283060,47550903.0000,3,2.456953,1,-3.057400,14.101513,1.125523,-79.396333,2.125335,0
2014-06-03,sz.002588,20.7400,20.7700,20.6000,20.6200,20.6100,925408,19126286.0000,3,0.995893,1,0.048500,14.108355,1.126069,-79.434856,2.126366,0
2014-06-04,sz.002588,20.6100,20.7300,20.4400,20.5700,20.6200,966857,19888345.0000,3,1.040499,1,-0.242500,14.074144,1.123339,-79.242240,2.121210,0
2014-06-05,sz.002588,20.2000,20.5900,20.1900,20.5300,20.5700,1464562,29853361.0000,3,1.576113,1,-0.194500,14.046776,1.121154,-79.088147,2.117085,0
2014-06-06,sz.002588,20.5800,20.6500,20.2800,20.4100,20.5300,956030,19591354.0000,3,1.028848,1,-0.584500,13.964671,1.114601,-78.625869,2.104711,0
2014-06-09,sz.002588,20.4100,20.4100,20.1300,20.2800,20.4100,1109313,22493336.0000,3,1.193806,1,-0.636900,13.875724,1.107501,-78.125067,2.091305,0
2014-06-10,sz.002588,20.3600,21.0600,20.3600,21.0100,20.2800,2311669,48220087.0000,3,0.811157,1,3.599600,14.375196,1.147367,-80.937262,2.166584,0
2014-06-11,sz.002588,21.1000,21.1100,20.8000,20.9500,21.0100,1156843,24209251.0000,3,0.405932,1,-0.285600,14.334143,1.144091,-80.706122,2.160397,0
2014-06-12,sz.002588,20.9500,20.9500,20.7100,20.7700,20.9500,1084654,22585316.0000,3,0.380602,1,-0.859200,14.210986,1.134261,-80.012704,2.141835,0
2014-06-13,sz.002588,20.7700,21.1700,20.6700,21.1300,20.7700,1807812,37983268.0000,3,0.634355,1,1.733300,14.457301,1.153920,-81.399540,2.178958,0
2014-06-16,sz.002588,21.1300,21.2300,21.0200,21.1200,21.1300,1338935,28252134.0000,3,0.469828,1,-0.047300,14.450458,1.153374,-81.361017,2.177927,0
2014-06-17,sz.002588,21.1200,21.1700,20.7600,20.8700,21.1200,1211781,25338549.0000,3,0.425210,1,-1.183700,14.279407,1.139722,-80.397937,2.152147,0
2014-06-18,sz.002588,20.8700,20.8700,20.2500,20.2700,20.8700,1771121,36276345.0000,3,0.621481,1,-2.874900,13.868882,1.106955,-78.086544,2.090274,0
2014-06-19,sz.002588,20.3300,20.3800,19.5900,19.6900,20.2700,1528275,30645645.0000,3,0.536267,1,-2.861400,13.472042,1.075281,-75.852198,2.030463,0
2014-06-20,sz.002588,19.6900,19.9800,19.6300,19.9300,19.6900,893151,17704521.0000,3,0.313404,1,1.218900,13.636252,1.088388,-76.776755,2.055213,0
2014-06-23,sz.002588,19.9000,20.0800,19.8500,19.9400,19.9300,881251,17605799.0000,3,0.309228,1,0.050200,13.643094,1.088934,-76.815278,2.056244,0
2014-06-24,sz.002588,19.9400,20.3600,19.8700,20.2900,19.9400,1151353,23190923.0000,3,0.404006,1,1.755300,13.882566,1.108048,-78.163590,2.092336,0
2014-06-25,sz.002588,20.2800,20.2800,19.9700,20.0900,20.2900,783491,15696542.0000,3,0.274924,1,-0.985700,13.745725,1.097125,-77.393126,2.071712,0
2014-06-26,sz.002588,20.0700,20.3800,20.0600,20.3000,20.0900,1352095,27402990.0000,3,0.474446,1,1.045300,13.889408,1.108594,-78.202114,2.093368,0
2014-06-27,sz.002588,20.3800,20.6500,20.2100,20.5500,20.3000,1552114,31772435.0000,3,0.544632,1,1.231500,14.060460,1.122246,-79.165194,2.119148,0
2014-06-30,sz.002588,20.5800,20.6900,20.3800,20.5000,20.5500,1148212,23545964.0000,3,0.697481,1,-0.243300,14.026250,1.119516,-78.972578,2.113992,0
2014-07-01,sz.002588,20.6100,21.0700,20.4500,21.0300,20.5000,2702925,56290497.0000,3,1.641890,1,2.585400,14.388880,1.148459,-81.014308,2.168646,0
2014-07-02,sz.002588,21.0000,21.0600,20.7000,21.0200,21.0300,1928053,40317927.0000,3,1.171194,1,-0.047600,14.382038,1.147913,-80.975785,2.167615,0
2014-07-03,sz.002588,21.0200,21.3500,20.8500,21.2500,21.0200,2038054,43122387.0000,3,1.238015,1,1.094200,14.539405,1.160474,-81.861819,2.191333,0
2014-07-04,sz.002588,21.3500,21.3500,21.0000,21.1000,21.2500,1476757,31149660.0000,3,0.897055,1,-0.705900,14.436774,1.152282,-81.283970,2.175865,0
2014-07-07,sz.002588,21.1100,21.2400,20.9000,21.2100,21.1000,1558554,32863139.0000,3,0.946743,1,0.521300,14.512037,1.158289,-81.707726,2.187208,0
2014-07-08,sz.002588,21.1800,21.2500,20.9600,21.2500,21.2100,1583296,33446288.0000,3,0.961772,1,0.188600,14.539405,1.160474,-81.861819,2.191333,0
2014-07-09,sz.002588,21.2000,21.4400,20.9000,20.9400,21.2500,2071431,43926748.0000,3,1.258289,1,-1.458800,14.327301,1.143544,-80.667599,2.159365,0
2014-07-10,sz.002588,20.9500,21.1500,20.8200,21.1000,20.9400,1528025,32135737.0000,3,0.928198,1,0.764100,14.436774,1.152282,-81.283970,2.175865,0
2014-07-11,sz.002588,21.0300,21.5000,20.9800,21.4500,21.1000,1795140,38249041.0000,3,1.090457,1,1.658800,14.676247,1.171396,-82.632283,2.211957,0
2014-07-14,sz.002588,21.4800,22.2700,21.4500,22.1900,21.4500,2944546,64785167.0000,3,1.788662,1,3.449900,15.182560,1.211808,-85.483000,2.288267,0
2014-07-15,sz.002588,22.1000,22.3800,21.8000,22.1300,22.1900,2169827,47995832.0000,3,1.318060,1,-0.270400,15.141508,1.208531,-85.251861,2.282080,0
2014-07-16,sz.002588,22.1300,22.3300,21.9000,21.9500,22.1300,1403409,30911982.0000,3,0.852500,1,-0.813400,15.018351,1.198701,-84.558443,2.263518,0
2014-07-17,sz.002588,21.8300,22.0900,21.6100,21.8400,21.9500,1263809,27627134.0000,3,0.767700,1,-0.501100,14.943088,1.192694,-84.134688,2.252175,0
2014-07-18,sz.002588,21.7800,21.9900,21.7800,21.8400,21.8400,779877,17069255.0000,3,0.473736,1,0.000000,14.943088,1.192694,-84.134688,2.252175,0
2014-07-21,sz.002588,21.8300,21.8500,21.2700,21.4500,21.8400,1258518,27034931.0000,3,0.764486,1,-1.785700,14.676247,1.171396,-82.632283,2.211957,0
2014-07-22,sz.002588,21.2900,21.8400,21.2900,21.8000,21.4500,1316653,28423377.0000,3,0.799800,1,1.631700,14.915719,1.190509,-83.980595,2.248050,0
2014-07-23,sz.002588,21.8200,22.3700,21.5200,22.3600,21.8000,2709549,59805694.0000,3,1.645914,1,2.568800,15.298876,1.221091,-86.137895,2.305798,0
2014-07-24,sz.002588,22.2900,22.4700,21.7500,22.1100,22.3600,1707018,37711793.0000,3,1.036927,1,-1.118100,15.127824,1.207439,-85.174814,2.280018,0
2014-07-25,sz.002588,22.2000,22.2400,22.0300,22.1300,22.1100,1104908,24427738.0000,3,0.671176,1,0.090500,15.141508,1.208531,-85.251861,2.282080,0
2014-07-28,sz.002588,22.2000,22.6400,22.2000,22.6100,22.1300,2102963,47264923.0000,3,1.277443,1,2.169000,15.469927,1.234744,-87.100975,2.331578,0
2014-07-29,sz.002588,22.7500,23.3800,22.6300,23.1200,22.6100,4021042,92707645.0000,3,2.442579,1,2.255600,14.832504,1.283457,15.747271,2.342895,0
2014-07-30,sz.002588,23.1100,23.2000,22.8500,23.1400,23.1200,2474325,57081145.0000,3,1.503027,1,0.086500,14.845335,1.284567,15.760893,2.344921,0
2014-07-31,sz.002588,23.1500,24.3500,23.1500,24.2600,23.1400,5645679,135474953.0000,3,3.429464,1,4.840100,15.563865,1.346742,16.523736,2.458418,0
2014-08-01,sz.002588,24.4200,26.2500,24.4200,25.4300,24.2600,11273096,288318112.0000,3,6.847834,1,4.822800,16.314472,1.411692,17.320636,2.576982,0
2014-08-04,sz.002588,25.4300,25.9900,25.1100,25.8500,25.4300,6109253,156624609.0000,3,3.711062,1,1.651600,16.583920,1.435007,17.606702,2.619543,0
2014-08-05,sz.002588,25.6800,25.8100,25.3200,25.6100,25.8500,3877396,99028735.0000,3,2.355322,1,-0.928400,16.429950,1.421684,17.443235,2.595222,0
2014-08-06,sz.002588,25.7100,26.5700,25.6100,26.1200,25.6100,5791065,151499832.0000,3,3.517778,1,1.991400,16.757137,1.449996,17.790602,2.646904,0
2014-08-07,sz.002588,26.1200,26.2800,25.1100,25.1400,26.1200,4813863,123180750.0000,3,2.924178,1,-3.751900,16.128424,1.395593,17.123114,2.547594,0
2014-08-08,sz.002588,25.2700,25.4000,24.8100,25.2700,25.1400,2938165,73782155.0000,3,1.784786,1,0.517100,16.211825,1.402810,17.211658,2.560768,0
2014-08-11,sz.002588,25.3300,26.0600,25.0500,25.8100,25.2700,3568880,91725756.0000,3,2.167914,1,2.136900,16.558259,1.432787,17.579457,2.615489,0
2014-08-12,sz.002588,25.8600,26.0000,25.5100,25.8800,25.8100,3011824,77546896.0000,3,1.829530,1,0.271200,16.603167,1.436673,17.627135,2.622583,0
2014-08-13,sz.002588,25.8400,25.8400,25.2500,25.5000,25.8800,2142848,54603900.0000,3,1.301672,1,-1.468300,16.359380,1.415578,17.368313,2.584075,0
2014-08-14,sz.002588,25.4800,25.4800,24.6500,24.6900,25.5000,3736261,93275296.0000,3,2.269589,1,-3.176500,15.839729,1.370612,16.816614,2.501993,0
2014-08-15,sz.002588,24.6900,25.0200,24.6900,24.9100,24.6900,1734861,43208022.0000,3,1.053840,1,0.891000,15.980869,1.382825,16.966458,2.524287,0
2014-08-18,sz.002588,24.9500,25.4700,24.9500,25.4600,24.9100,2215309,56061434.0000,3,1.345688,1,2.207900,16.333718,1.413357,17.341069,2.580022,0
2014-08-19,sz.002588,25.5500,25.7400,25.1900,25.5400,25.4600,2432354,62074190.0000,3,1.477532,1,0.314200,16.385042,1.417798,17.395558,2.588128,0
2014-08-20,sz.002588,25.5800,25.7200,25.2400,25.3500,25.5400,2219495,56627040.0000,3,1.348231,1,-0.743900,16.263148,1.407251,17.266147,2.568875,0
2014-08-21,sz.002588,25.3400,25.5500,25.0100,25.3100,25.3500,1747289,44242416.0000,3,1.061390,1,-0.157800,16.237486,1.405030,17.238902,2.564821,0
2014-08-22,sz.002588,25.3500,25.4500,25.0500,25.4100,25.3100,1637508,41412557.0000,3,0.994703,1,0.395100,16.301641,1.410582,17.307013,2.574955,0
2014-08-25,sz.002588,25.4300,25.8800,25.4100,25.7300,25.4100,2947504,75789277.0000,3,1.790459,1,1.259300,16.506935,1.428346,17.524969,2.607382,0
2014-08-26,sz.002588,25.7000,25.7000,24.5800,24.7100,25.7300,3345094,83887789.0000,3,2.031975,1,-3.964200,15.852560,1.371723,16.830236,2.504019,0
2014-08-27,sz.002588,24.8200,24.9500,24.4400,24.5300,24.7100,1720857,42325359.0000,3,1.045333,1,-0.728400,15.737082,1.361730,16.707636,2.485779,0
2014-08-28,sz.002588,24.5200,24.5500,23.9000,24.0900,24.5300,2420815,58376259.0000,3,1.470522,1,-1.793700,15.454802,1.337305,16.407948,2.441191,0
2014-08-29,sz.002588,24.0500,24.3400,23.9700,24.3200,24.0900,1030426,24942554.0000,3,0.625932,1,0.954800,15.602358,1.350073,16.564603,2.464498,0
2014-09-01,sz.002588,24.3300,24.7500,24.2500,24.7400,24.3200,1373885,33714337.0000,3,0.834565,1,1.727000,15.871806,1.373388,16.850669,2.507059,0
2014-09-02,sz.002588,24.8400,24.9300,24.7200,24.9300,24.7400,2270439,56349793.0000,3,1.379177,1,0.768000,15.993700,1.383935,16.980080,2.526313,0
2014-09-03,sz.002588,24.9800,24.9900,24.4800,24.9100,24.9300,4517621,111985754.0000,3,2.744226,1,-0.080200,15.980869,1.382825,16.966458,2.524287,0
2014-09-04,sz.002588,24.7100,25.2700,24.7000,25.2300,24.9100,3071572,76969623.0000,3,1.865824,1,1.284600,16.186163,1.400589,17.184413,2.556714,0
2014-09-05,sz.002588,25.3800,25.4000,24.9800,25.1900,25.2300,1879178,47236434.0000,3,1.141505,1,-0.158500,16.160501,1.398369,17.157169,2.552661,0
2014-09-09,sz.002588,25.1900,25.1900,24.8600,25.0000,25.1900,2123054,53042090.0000,3,1.289648,1,-0.754300,16.038608,1.387821,17.027758,2.533407,0
2014-09-10,sz.002588,24.8600,25.7700,24.7700,25.6700,25.0000,4566694,115766802.0000,3,2.774035,1,2.680000,16.468442,1.425015,17.484102,2.601302,0
2014-09-11,sz.002588,25.5500,25.9700,25.4700,25.9100,25.6700,5551206,143031428.0000,3,3.372076,1,0.934900,16.622413,1.438338,17.647569,2.625623,0
2014-09-12,sz.002588,26.0800,26.8800,26.0200,26.8800,25.9100,6740138,179625398.0000,3,4.094292,1,3.743700,17.244711,1.492185,18.308246,2.723919,0
2014-09-15,sz.002588,27.0300,27.0500,26.4100,26.7800,26.8800,4802103,128206881.0000,3,2.917034,1,-0.372000,17.180557,1.486634,18.240134,2.713785,0
2014-09-16,sz.002588,26.7500,26.7500,25.5100,25.5100,26.7800,5214232,136542874.0000,3,3.167382,1,-4.742300,16.365795,1.416133,17.375124,2.585088,0
2014-09-17,sz.002588,25.5000,25.6900,25.1200,25.6000,25.5100,1889526,48078239.0000,3,1.147791,1,0.352800,16.423534,1.421129,17.436424,2.594209,0
2014-09-18,sz.002588,25.5400,25.6600,25.2300,25.6000,25.6000,1689557,43050572.0000,3,1.026320,1,0.000000,16.423534,1.421129,17.436424,2.594209,0
2014-09-19,sz.002588,25.5800,26.8800,25.5000,26.6600,25.6000,4538540,120016635.0000,3,2.756933,1,4.140600,17.103571,1.479973,18.158401,2.701625,0
2014-09-22,sz.002588,26.7400,27.3500,26.5000,26.9300,26.6600,4809754,129608630.0000,3,2.921682,1,1.012800,17.276788,1.494961,18.342301,2.728986,0
2014-09-23,sz.002588,26.7400,27.9000,26.6400,27.7100,26.9300,5277427,145852007.0000,3,3.205769,1,2.896400,17.777193,1.538261,18.873567,2.808028,0
2014-09-24,sz.002588,27.7200,27.9800,27.4000,27.7700,27.7100,3310347,91937565.0000,3,2.010868,1,0.216500,17.815685,1.541592,18.914434,2.814108,0
2014-09-25,sz.002588,27.9000,28.0000,27.4500,27.5200,27.7700,2556044,70660622.0000,3,1.552667,1,-0.900300,17.655299,1.527714,18.744156,2.788774,0
2014-09-26,sz.002588,27.4500,28.0000,27.3000,27.8700,27.5200,3379504,93532997.0000,3,2.052877,1,1.271800,17.879840,1.547143,18.982545,2.824242,0
2014-09-29,sz.002588,28.0000,28.1100,27.6800,28.1100,27.8700,2988283,83426839.0000,3,1.815230,1,0.861100,18.033810,1.560466,19.146011,2.848563,0
2014-09-30,sz.002588,28.1800,28.5800,27.3800,27.4400,28.1100,3765473,104815625.0000,3,2.287334,1,-2.383500,17.603976,1.523273,18.689667,2.780667,0
2014-10-08,sz.002588,27.4700,27.6500,27.3000,27.6100,27.4400,2170270,59559998.0000,3,1.318329,1,0.619500,17.713038,1.532710,18.805456,2.797895,0
2014-10-09,sz.002588,27.5200,28.6800,26.8100,28.6800,27.6100,5085142,140685747.0000,3,3.088966,1,3.875400,18.399491,1.592109,19.534244,2.906324,0
2014-10-10,sz.002588,28.3000,29.2500,28.2000,29.2000,28.6800,5355958,154741316.0000,3,3.253473,1,1.813100,18.733094,1.620975,19.888421,2.959019,0
2014-10-13,sz.002588,28.9000,29.1200,28.5000,28.8300,29.2000,1888046,54361842.0000,3,1.146892,1,-1.267100,18.495722,1.600436,19.636411,2.921525,0
2014-10-14,sz.002588,28.8500,29.1800,28.3000,29.0000,28.8300,2314474,66766817.0000,3,1.405926,1,0.589700,18.604785,1.609873,19.752199,2.938752,0
2014-10-15,sz.002588,28.9900,29.2900,28.6600,29.2200,29.0000,2169927,62980286.0000,3,1.318121,1,0.758600,18.745925,1.622086,19.902044,2.961046,0
2014-10-16,sz.002588,29.2200,29.2200,29.2200,29.2200,29.2200,0,0.0000,3,,0,0.000000,18.745925,1.622086,19.902044,2.961046,0
2014-10-17,sz.002588,29.0000,31.0000,28.4200,30.7300,29.2200,4226209,124020127.0000,3,2.567208,1,5.167700,19.714657,1.705910,20.930520,3.114064,0
2014-10-20,sz.002588,30.7000,32.1500,30.3800,32.0700,30.7300,5281180,167303986.0000,3,3.208049,1,4.360600,20.574326,1.780297,21.843208,3.249854,0
2014-10-21,sz.002588,32.0000,32.1500,31.2000,31.6000,32.0700,2401973,75898522.0000,3,1.459077,1,-1.465500,20.272800,1.754206,21.523086,3.202226,0
2014-10-22,sz.002588,31.6000,32.5000,31.2100,32.0500,31.6000,2087644,65934143.0000,3,1.268138,1,1.424000,20.561495,1.779187,21.829586,3.247828,0
2014-10-23,sz.002588,31.8800,31.8800,30.0500,31.5500,32.0500,3217196,99914105.0000,3,1.954283,1,-1.560100,20.240723,1.751431,21.489031,3.197160,0
2014-10-24,sz.002588,31.1000,32.0000,30.7300,31.4000,31.5500,1767053,55620637.0000,3,1.073395,1,-0.475400,20.144491,1.743104,21.386864,3.181959,0
2014-10-27,sz.002588,31.1100,32.0900,31.1100,31.7500,31.4000,1282783,40635119.0000,3,0.779226,1,1.114700,20.369032,1.762533,21.625253,3.217427,0
2014-10-28,sz.002588,31.6000,33.1100,31.6000,32.9800,31.7500,3334431,108953371.0000,3,2.025498,1,3.874000,19.824877,1.766783,-40.926400,3.171254,0
2014-10-29,sz.002588,33.1200,33.3300,32.5000,33.0300,32.9800,1871109,61611606.0000,3,1.136604,1,0.151600,19.854933,1.769461,-40.988447,3.176062,0
2014-10-30,sz.002588,32.9700,33.5900,32.4500,32.5300,33.0300,1682360,55434673.0000,3,1.021948,1,-1.513800,19.554374,1.742675,-40.367974,3.127984,0
2014-10-31,sz.002588,32.6900,32.9500,31.7200,31.8000,32.5300,2441396,78314606.0000,3,1.483024,1,-2.244100,19.115558,1.703568,-39.462083,3.057789,0
2014-11-03,sz.002588,31.9000,31.9000,31.3000,31.3100,31.8000,2142487,67440939.0000,3,1.301452,1,-1.540900,18.821010,1.677318,-38.854020,3.010672,0
2014-11-04,sz.002588,31.2800,31.9500,30.9100,31.6200,31.3100,3018606,95324327.0000,3,1.833650,1,0.990100,19.007356,1.693926,-39.238713,3.040481,0
2014-11-05,sz.002588,31.6100,31.6200,31.0800,31.1700,31.6200,1521484,47462159.0000,3,0.924224,1,-1.423200,18.736853,1.669818,-38.680287,2.997210,0
2014-11-06,sz.002588,31.2700,32.5800,31.2000,32.5400,31.1700,2919686,92838476.0000,3,1.773561,1,4.395300,19.560385,1.743211,-40.380383,3.128945,0
2014-11-07,sz.002588,32.5400,32.5900,31.5900,31.7400,32.5400,1783022,57223971.0000,3,1.083095,1,-2.458500,19.079491,1.700354,-39.387627,3.052020,0
2014-11-10,sz.002588,31.5900,31.8900,31.0000,31.1500,31.7400,1886436,59078794.0000,3,1.145914,1,-1.858900,18.724831,1.668747,-38.655468,2.995287,0
2014-11-11,sz.002588,31.3000,31.4800,29.6000,30.3900,31.1500,3517091,105887753.0000,3,2.136455,1,-2.439800,18.267981,1.628033,-37.712349,2.922208,0
2014-11-12,sz.002588,30.0300,31.1800,30.0200,31.0700,30.3900,2328086,71459408.0000,3,1.414194,1,2.237600,18.676741,1.664461,-38.556193,2.987595,0
2014-11-13,sz.002588,31.0600,32.1400,30.7100,31.2400,31.0700,2869163,90625279.0000,3,1.742871,1,0.547200,18.778931,1.673568,-38.767154,3.003941,0
2014-11-14,sz.002588,31.0300,31.3200,30.2000,30.4200,31.2400,1293445,39620529.0000,3,0.785702,1,-2.624800,18.286015,1.629640,-37.749578,2.925093,0
2014-11-17,sz.002588,30.4200,31.6100,30.2300,31.4000,30.4200,1386331,43220819.0000,3,0.842126,1,3.221600,18.875110,1.682140,-38.965705,3.019326,0
2014-11-18,sz.002588,31.1100,31.9700,31.1100,31.8800,31.4000,1710636,54225370.0000,3,1.039125,1,1.528700,19.163647,1.707854,-39.561359,3.065482,0
2014-11-19,sz.002588,31.6700,32.3500,31.6500,32.0600,31.8800,1438379,46116804.0000,3,0.873742,1,0.564600,19.271848,1.717497,-39.784729,3.082790,0
2014-11-20,sz.002588,31.9900,33.5100,31.8900,33.1800,32.0600,3663648,120601813.0000,3,2.225480,1,3.493400,19.945101,1.777497,-41.174589,3.190486,0
2014-11-21,sz.002588,33.0000,33.4300,32.3800,33.2400,33.1800,2364095,77578526.0000,3,1.436068,1,0.180800,19.981168,1.780711,-41.249046,3.196255,0
2014-11-24,sz.002588,33.2600,33.3200,32.6000,32.9000,33.2400,2292083,75191746.0000,3,1.392324,1,-1.022900,19.776788,1.762497,-40.827124,3.163562,0
2014-11-25,sz.002588,32.7500,33.1700,32.6100,32.9900,32.9000,1444745,47415093.0000,3,0.877609,1,0.273600,19.830888,1.767318,-40.938809,3.172216,0
2014-11-26,sz.002588,32.9500,33.2800,32.6500,32.7700,32.9900,1553507,51087812.0000,3,0.943677,1,-0.666900,19.698642,1.755533,-40.665801,3.151061,0
2014-11-27,sz.002588,32.8300,34.4900,32.7700,34.3900,32.7700,3423850,116055670.0000,3,2.079815,1,4.943500,20.672454,1.842318,-42.676134,3.306835,0
2014-11-28,sz.002588,34.3900,34.8500,34.0000,34.6100,34.3900,2450540,84325364.0000,3,1.488579,1,0.639700,20.804700,1.854104,-42.949142,3.327990,0
2014-12-01,sz.002588,34.2000,34.6800,33.1800,34.3000,34.6100,2075858,70544064.0000,3,1.260979,1,-0.895700,20.618353,1.837497,-42.564448,3.298181,0
2014-12-02,sz.002588,34.0000,34.8000,33.8800,34.6000,34.3000,1524955,52574922.0000,3,0.926333,1,0.874600,20.798688,1.853568,-42.936732,3.327028,0
2014-12-03,sz.002588,34.6400,34.7900,33.8000,34.7800,34.6000,2398846,82375982.0000,3,1.457177,1,0.520200,20.906890,1.863211,-43.160103,3.344337,0
2014-12-04,sz.002588,34.7800,35.4000,34.3400,34.9800,34.7800,1476602,51608226.0000,3,0.896961,1,0.575000,21.027113,1.873925,-43.408292,3.363568,0
2014-12-05,sz.002588,35.0000,35.2000,33.0100,34.0000,34.9800,3603599,121788126.0000,3,2.189004,1,-2.801600,20.438018,1.821425,-42.192165,3.269334,0
2014-12-08,sz.002588,33.2500,33.8800,32.4700,33.5500,34.0000,4370075,143636557.0000,3,2.654599,1,-1.323500,20.167514,1.797318,-41.633739,3.226064,0
2014-12-09,sz.002588,33.1300,33.4700,32.4000,33.2300,33.5500,2923865,96135466.0000,3,1.776100,1,-0.953800,19.975157,1.780175,-41.236636,3.195293,0
2014-12-10,sz.002588,36.5500,36.5500,35.0200,36.5500,33.2300,8046290,290824336.0000,3,4.887713,1,9.991000,21.970869,1.958032,-45.356577,3.514534,0
2014-12-11,sz.002588,37.9000,40.2100,37.0000,40.0000,36.5500,7979442,313669568.0000,3,4.847107,1,9.439100,24.044727,2.142853,-49.637841,3.846276,0
2014-12-12,sz.002588,39.0000,40.0000,38.3600,39.0400,40.0000,4704069,183027446.0000,3,2.857483,1,-2.400000,23.467653,2.091425,-48.446533,3.753965,0
2014-12-15,sz.002588,39.0000,39.8600,37.8000,39.4100,39.0400,4392184,171338869.0000,3,2.668029,1,0.947700,23.690067,2.111246,-48.905683,3.789543,0
2014-12-16,sz.002588,39.0000,39.0900,38.1000,38.5900,39.4100,3663869,141483636.0000,3,2.225615,1,-2.080700,23.197150,2.067318,-47.888107,3.710694,0
2014-12-17,sz.002588,37.6000,38.3900,37.0400,37.5000,38.5900,3663968,137224087.0000,3,2.225675,1,-2.824600,22.541931,2.008925,-46.535476,3.605883,0
2014-12-18,sz.002588,37.3900,38.2000,37.1100,37.3400,37.5000,2253758,85033376.0000,3,1.369044,1,-0.426700,22.445752,2.000354,-46.336924,3.590498,0
2014-12-19,sz.002588,37.6500,37.8700,36.5100,37.6000,37.3400,2723960,101267747.0000,3,1.654668,1,0.696300,22.602043,2.014282,-46.659570,3.615499,0
2014-12-22,sz.002588,37.6800,37.6900,35.8800,37.1500,37.6000,2681594,98229420.0000,3,1.628932,1,-1.196800,22.331540,1.990175,-46.101145,3.572228,0
2014-12-23,sz.002588,37.2800,38.1800,36.7100,37.8000,37.1500,2830144,106108814.0000,3,1.719169,1,1.749700,22.722267,2.024996,-46.907759,3.634730,0
2014-12-24,sz.002588,37.8700,41.5800,37.8700,41.5800,37.8000,8903984,358896512.0000,3,5.408719,1,10.000000,24.994493,2.227496,-51.598535,3.998203,0
2014-12-25,sz.002588,42.4800,44.0000,40.3700,41.4300,41.5800,9086584,385071168.0000,3,5.519639,1,-0.360800,24.904326,2.219460,-51.412394,3.983780,0
2014-12-26,sz.002588,40.4500,41.5800,39.9000,40.6000,41.4300,4673297,189348049.0000,3,2.838791,1,-2.003400,24.405397,2.174996,-50.382408,3.903970,0
2014-12-29,sz.002588,40.2900,40.6000,39.0500,40.6000,40.6000,3507860,139216508.0000,3,2.130847,1,0.000000,24.405397,2.174996,-50.382408,3.903970,0
2014-12-30,sz.002588,40.0000,40.0000,37.5600,39.1500,40.6000,8131505,314483680.0000,3,4.939477,1,-3.571400,23.533776,2.097318,-48.583037,3.764542,0
2014-12-31,sz.002588,37.9500,38.9900,37.5100,38.9500,39.1500,4732237,179900978.0000,3,2.867588,1,-0.510900,23.413553,2.086603,-48.334847,3.745311,0
2015-01-05,sz.002588,38.7000,38.7000,36.7900,37.2900,38.9500,5628032,210433485.0000,3,3.410412,1,-4.261900,22.415696,1.997675,-46.274877,3.585690,0
2015-01-06,sz.002588,36.8000,36.8000,35.6800,36.3000,37.2900,7107232,257167668.0000,3,4.306761,1,-2.654900,21.820589,1.944639,-45.046340,3.490495,0
2015-01-07,sz.002588,36.3000,37.5000,35.8500,37.0900,36.3000,5215635,191182761.0000,3,3.160512,1,2.176300,22.295473,1.986961,-46.026688,3.566459,0
2015-01-08,sz.002588,37.0000,37.4500,36.1500,36.8700,37.0900,3471415,127883997.0000,3,2.103569,1,-0.593200,22.163227,1.975175,-45.753680,3.545305,0
2015-01-09,sz.002588,36.7000,37.5700,36.5000,36.7700,36.8700,3421511,127218043.0000,3,2.073329,1,-0.271200,22.103115,1.969818,-45.629585,3.535689,0
2015-01-12,sz.002588,36.7800,36.9800,35.1600,35.3800,36.7700,3536995,126916619.0000,3,2.143308,1,-3.780300,21.267561,1.895354,-43.904670,3.402031,0
2015-01-13,sz.002588,35.3500,36.5500,35.2600,36.4000,35.3800,3375829,121255127.0000,3,2.045647,1,2.883000,21.880701,1.949997,-45.170435,3.500111,0
2015-01-14,sz.002588,36.3500,37.4600,35.7100,37.1500,36.4000,4412918,162660076.0000,3,2.674090,1,2.060400,22.331540,1.990175,-46.101145,3.572228,0
2015-01-15,sz.002588,36.9700,38.4000,36.8300,37.1700,37.1500,4849627,182789077.0000,3,2.938722,1,0.053800,22.343562,1.991246,-46.125964,3.574152,0
2015-01-16,sz.002588,37.1700,37.6700,36.5000,37.4900,37.1700,2760988,102813586.0000,3,1.673072,1,0.860900,22.535920,2.008389,-46.523066,3.604922,0
2015-01-19,sz.002588,36.7900,38.8000,36.0000,37.0000,37.4900,5365348,202090311.0000,3,3.251233,1,-1.307000,22.241372,1.982139,-45.915003,3.557805,0
2015-01-20,sz.002588,37.1000,39.3000,37.1000,39.2600,37.0000,5992646,228473375.0000,3,3.631356,1,6.108100,23.599899,2.103211,-48.719541,3.775119,0
2015-01-21,sz.002588,39.3200,39.9600,38.8100,39.4900,39.2600,6132737,240824339.0000,3,3.716247,1,0.585800,23.738156,2.115532,-49.004958,3.797236,0
2015-01-22,sz.002588,39.4700,39.8800,38.8000,39.6800,39.4900,4451783,174946012.0000,3,2.697641,1,0.481100,23.028564,2.004423,-49.240738,3.815505,0
2015-01-23,sz.002588,39.6800,40.2900,39.0100,39.1900,39.6800,4007480,158983459.0000,3,2.428408,1,-1.234900,22.744189,1.979671,-48.632674,3.768389,0
2015-01-26,sz.002588,39.1500,39.4700,38.5100,39.2800,39.1900,2941513,114899198.0000,3,1.782465,1,0.229700,22.796421,1.984217,-48.744360,3.777043,0
2015-01-27,sz.002588,39.3100,40.2700,39.0300,40.2500,39.2800,6238190,248049600.0000,3,3.780148,1,2.469500,23.359368,2.033216,-49.948077,3.870315,0
2015-01-28,sz.002588,40.0000,40.0200,38.8300,38.8900,40.2500,4665212,183494555.0000,3,2.826973,1,-3.378900,22.570082,1.964516,-48.260391,3.739541,0
2015-01-29,sz.002588,38.0200,38.4800,36.8500,36.9200,38.8900,5434963,203186245.0000,3,3.293418,1,-5.065600,21.426779,1.865002,-45.815727,3.550112,0
2015-01-30,sz.002588,36.9400,37.3500,36.3400,36.4500,36.9200,3535495,130406274.0000,3,2.142400,1,-1.273000,21.154011,1.841260,-45.232482,3.504919,0
2015-02-02,sz.002588,36.9800,36.9800,35.2600,35.7500,36.4500,6217861,223346370.0000,3,3.767830,1,-1.920400,20.747761,1.805900,-44.363820,3.437609,0
2015-02-03,sz.002588,37.2000,39.3000,37.2000,38.3800,35.7500,8516119,324810896.0000,3,5.160502,1,7.356600,22.274100,1.938754,-47.627508,3.690501,0
2015-02-04,sz.002588,38.0100,39.5700,37.9800,39.2300,38.3800,6294456,246618057.0000,3,3.814244,1,2.214700,22.767403,1.981691,-48.682312,3.772235,0
2015-02-05,sz.002588,39.2300,39.7400,38.7000,38.7000,39.2300,4024090,158213536.0000,3,2.438473,1,-1.351000,22.459814,1.954919,-48.024611,3.721272,0
2015-02-06,sz.002588,38.6300,39.3000,37.0100,37.1900,38.7000,3756301,143903747.0000,3,2.276201,1,-3.901800,21.583475,1.878641,-46.150782,3.576075,0
2015-02-09,sz.002588,37.0000,37.8800,36.8100,37.7500,37.1900,1798079,67617336.0000,3,1.089580,1,1.505800,21.908475,1.906930,-46.845712,3.629923,0
2015-02-10,sz.002588,37.0400,38.2800,37.0400,38.2300,37.7500,1242955,46989660.0000,3,0.753192,1,1.271500,22.187047,1.931177,-47.441366,3.676078,0
2015-02-11,sz.002588,38.3500,39.3500,38.3500,39.2300,38.2300,2656646,103491981.0000,3,1.609844,1,2.615700,22.767403,1.981691,-48.682312,3.772235,0
2015-02-12,sz.002588,39.1400,39.2700,38.5000,39.2600,39.2300,2121415,82733254.0000,3,1.285511,1,0.076500,22.784814,1.983207,-48.719541,3.775119,0
2015-02-13,sz.002588,39.2600,40.2300,39.2600,39.9100,39.2600,3761899,150061152.0000,3,2.279593,1,1.655600,23.162046,2.016041,-49.526156,3.837621,0
2015-02-16,sz.002588,39.9000,40.1300,39.5000,39.9000,39.9100,1899613,75587164.0000,3,1.151106,1,-0.025100,23.156243,2.015536,-49.513746,3.836660,0
2015-02-17,sz.002588,40.0100,40.5800,40.0000,40.0000,39.9000,2476746,99733951.0000,3,1.500831,1,0.250600,23.214278,2.020588,-49.637841,3.846276,0
2015-02-25,sz.002588,39.9900,40.0000,39.1000,39.1000,40.0000,1528259,60315003.0000,3,0.926077,1,-2.250000,22.691957,1.975124,-48.520989,3.759734,0
2015-02-26,sz.002588,39.0900,39.6100,39.0200,39.4900,39.1000,1478307,58190128.0000,3,0.895808,1,0.997500,22.918296,1.994825,-49.004958,3.797236,0
2015-02-27,sz.002588,39.4200,39.9500,39.1100,39.9200,39.4900,2056017,81103036.0000,3,1.245882,1,1.088900,23.167850,2.016546,-49.538565,3.838583,0
2015-03-02,sz.002588,40.0100,40.2000,39.7100,40.1000,39.9200,2752025,109757674.0000,3,1.667641,1,0.450900,23.272314,2.025639,-49.761935,3.855891,0
2015-03-03,sz.002588,40.0000,42.3300,39.7100,41.4700,40.1000,4583353,188075050.0000,3,2.777369,1,3.416500,24.067403,2.094844,-51.462031,3.987626,0
2015-03-04,sz.002588,41.0200,44.9700,41.0200,44.1800,41.4700,6992754,303120880.0000,3,4.237390,1,6.534800,25.640170,2.231739,-54.824995,4.248211,0
2015-03-05,sz.002588,46.0000,46.1800,43.0100,43.9000,44.1800,4170793,183940012.0000,3,2.527370,1,-0.633800,25.477670,2.217595,-54.477530,4.221287,0
2015-03-06,sz.002588,44.0000,44.1800,41.9500,43.0800,43.9000,4323568,185855092.0000,3,2.619947,1,-1.867900,25.001778,2.176173,-53.459954,4.142439,0
2015-03-09,sz.002588,42.5000,44.8700,41.7000,44.4000,43.0800,2696042,117397796.0000,3,1.633717,1,3.064100,25.767849,2.242852,-55.098003,4.269366,0
2015-03-10,sz.002588,44.4200,44.6600,43.5100,44.4600,44.4000,2122292,93970602.0000,3,1.286043,1,0.135100,25.802670,2.245883,-55.172460,4.275135,0
2015-03-11,sz.002588,44.4400,44.4500,42.7800,43.0900,44.4600,1996561,86730378.0000,3,1.209854,1,-3.081400,25.007581,2.176678,-53.472364,4.143400,0
2015-03-12,sz.002588,43.0900,43.8700,42.0900,42.6800,43.0900,1728897,73945384.0000,3,1.047658,1,-0.951500,24.769635,2.155967,-52.963576,4.103976,0
2015-03-13,sz.002588,42.6600,43.6000,42.3200,43.4200,42.6800,1362604,58500033.0000,3,0.825695,1,1.733800,25.199099,2.193348,-53.881876,4.175132,0
2015-03-16,sz.002588,43.6300,45.1700,43.5000,44.7400,43.4200,2847413,126416899.0000,3,1.616922,1,3.040100,25.965170,2.260027,-55.519925,4.302059,0
2015-03-17,sz.002588,44.5100,46.0500,44.4000,44.9100,44.7400,2806497,126856639.0000,3,1.593687,1,0.380000,26.572131,2.312858,-56.817756,4.402624,0
2015-03-18,sz.002588,45.0000,49.3900,44.8900,49.2000,44.9100,5522482,262999601.0000,3,3.135977,1,9.552400,29.110417,2.533792,-62.245237,4.823182,0
2015-03-19,sz.002588,49.2300,51.0000,48.2000,48.8000,49.2000,3227431,159083023.0000,3,1.832717,1,-0.813000,28.873747,2.513192,-61.739178,4.783969,0
2015-03-20,sz.002588,48.8000,50.2400,48.2000,49.6900,48.8000,3186361,157198015.0000,3,1.809395,1,1.823800,29.400338,2.559027,-62.865159,4.871218,0
2015-03-23,sz.002588,49.7000,51.8500,49.5100,51.4000,49.6900,3226166,163301703.0000,3,1.831999,1,3.441300,30.412103,2.647091,-65.028561,5.038853,0
2015-03-24,sz.002588,51.5000,51.5000,48.4000,50.3000,51.4000,4054359,202448541.0000,3,2.302294,1,-2.140100,29.761260,2.590442,-63.636899,4.931017,0
2015-03-25,sz.002588,50.0000,51.8000,48.7000,51.3900,50.3000,3161599,160410730.0000,3,1.795334,1,2.167000,30.406186,2.646576,-65.015909,5.037872,0
2015-03-26,sz.002588,50.4000,50.6000,48.5000,49.5600,51.3900,2468205,122768222.0000,3,1.401586,1,-3.561000,29.323420,2.552332,-62.700690,4.858473,0
2015-03-27,sz.002588,49.5400,51.5000,48.8800,50.9700,49.5600,2583078,129760145.0000,3,1.466817,1,2.845000,30.157682,2.624947,-64.484547,4.996699,0
2015-03-30,sz.002588,51.2800,53.6000,50.2600,51.4900,50.9700,3562567,184420859.0000,3,2.023026,1,1.020200,30.465353,2.651726,-65.142424,5.047676,0
2015-03-31,sz.002588,51.5600,51.6600,49.5000,50.0300,51.4900,3772776,189401609.0000,3,2.142395,1,-2.835500,29.416762,2.576537,198.738196,4.772749,0
2015-04-01,sz.002588,50.1600,51.0000,49.0000,50.2000,50.0300,4909601,244495016.0000,3,2.787948,1,0.339800,29.516719,2.585292,199.413501,4.788967,0
2015-04-02,sz.002588,50.6100,53.3000,49.9200,52.9200,50.2000,7158586,369547664.0000,3,4.065049,1,5.418300,31.116032,2.725371,210.218376,5.048448,0
2015-04-03,sz.002588,52.7600,55.0000,52.2200,54.7800,52.9200,5523449,300150592.0000,3,3.136526,1,3.514700,32.209679,2.821161,217.607003,5.225888,0
2015-04-07,sz.002588,55.2700,58.0000,54.0100,57.9000,54.7800,5160887,290344576.0000,3,2.930643,1,5.695500,34.044184,2.981840,230.000831,5.523529,0
2015-04-08,sz.002588,57.9100,62.8800,55.5600,62.0200,57.9000,7298031,440639616.0000,3,4.144234,1,7.115700,36.466672,3.194020,246.367038,5.916568,0
2015-04-09,sz.002588,62.3500,62.3500,56.0000,60.2000,62.0200,4912831,293226688.0000,3,2.789783,1,-2.934500,35.396544,3.100290,239.137306,5.742944,0
2015-04-10,sz.002588,59.5000,64.3000,58.9200,63.1500,60.2000,5063131,313024016.0000,3,2.875131,1,4.900300,37.131092,3.252215,250.855828,6.024367,0
2015-04-13,sz.002588,62.9500,66.1800,61.5200,64.0500,63.1500,3927075,251007695.0000,3,2.230015,1,1.425200,37.660276,3.298564,254.430971,6.110225,0
2015-04-14,sz.002588,64.0000,64.0000,59.9900,60.0500,64.0500,5630338,344464464.0000,3,3.197223,1,-6.245100,35.308347,3.092565,238.541449,5.728634,0
2015-04-15,sz.002588,59.5000,59.5000,54.1000,54.9000,60.0500,3895051,223710154.0000,3,2.211830,1,-8.576200,32.280237,2.827341,218.083689,5.237336,0
2015-04-16,sz.002588,54.4500,57.0000,52.4500,55.3000,54.9000,4657726,257822656.0000,3,2.644920,1,0.728600,32.515430,2.847941,219.672641,5.275495,0
2015-04-17,sz.002588,56.0000,56.9700,53.7000,54.8700,55.3000,4305790,236133761.0000,3,2.445070,1,-0.777600,32.262597,2.825796,217.964518,5.234474,0
2015-04-20,sz.002588,54.8800,54.8900,52.3300,52.3900,54.8700,4277246,229421563.0000,3,2.428862,1,-4.519800,30.804401,2.698076,208.113014,4.997888,0
2015-04-21,sz.002588,52.4100,57.0500,52.4100,56.8400,52.3900,4614951,253283449.0000,3,2.620629,1,8.494000,33.420923,2.927251,225.790107,5.422408,0
2015-04-22,sz.002588,57.7000,60.8000,56.0000,59.7900,56.8400,5803264,335676160.0000,3,3.295421,1,5.190000,35.155471,3.079175,237.508630,5.703831,0
2015-04-23,sz.002588,60.1000,61.0000,58.5500,58.7500,59.7900,3648694,216793746.0000,3,2.071934,1,-1.739400,32.870823,2.883715,-837.474224,5.253715,0
2015-04-24,sz.002588,58.7500,60.9900,57.7700,60.0800,58.7500,4993681,298048720.0000,3,2.835694,1,2.263800,33.614963,2.948997,-856.433215,5.372650,0
2015-04-27,sz.002588,60.5000,65.1600,60.5000,62.2600,60.0800,5384965,337921936.0000,3,3.057887,1,3.628500,34.834680,3.056002,-887.508855,5.567596,0
2015-04-28,sz.002588,62.2800,62.7800,56.0300,57.3000,62.2600,6945523,404326768.0000,3,3.944060,1,-7.966600,32.059543,2.812542,-816.804648,5.124048,0
2015-04-29,sz.002588,56.6000,58.3800,56.0600,57.6800,57.3000,2803772,161681487.0000,3,1.592140,1,0.663200,32.272155,2.831195,-822.221502,5.158030,0
2015-04-30,sz.002588,57.8000,58.3600,56.5100,56.7500,57.6800,3729655,212715685.0000,3,2.117908,1,-1.612300,31.751816,2.785546,-808.964464,5.074865,0
2015-05-04,sz.002588,28.1300,28.3800,26.5000,26.5600,28.1300,8245590,221873258.0000,3,2.341156,1,-5.581200,29.720819,2.607369,-757.219248,4.750252,0
2015-05-05,sz.002588,26.5800,27.4900,26.5700,26.6300,26.5600,7360084,198479790.0000,3,2.089735,1,0.263600,29.799150,2.614241,-759.214931,4.762772,0
2015-05-06,sz.002588,27.0800,27.2500,25.8000,26.1500,26.6300,5347047,143705933.0000,3,1.518177,1,-1.802500,29.262026,2.567120,-745.530246,4.676924,0
2015-05-07,sz.002588,26.1600,26.1700,25.0000,25.5500,26.1500,6585744,168597607.0000,3,1.869878,1,-2.294500,28.590622,2.508218,-728.424389,4.569614,0
2015-05-08,sz.002588,25.6200,27.5500,25.6200,27.3500,25.5500,7714461,206483162.0000,3,2.190353,1,7.045000,30.604835,2.684923,-779.741959,4.891544,0
2015-05-11,sz.002588,27.4900,29.0000,27.4700,28.8700,27.3500,10637166,301431120.0000,3,3.020191,1,5.557600,32.305725,2.834140,-823.076795,5.163395,0
2015-05-12,sz.002588,29.0000,29.2100,28.0300,29.1300,28.8700,8886525,254962379.0000,3,2.523135,1,0.900600,32.596667,2.859664,-830.489333,5.209896,0
2015-05-13,sz.002588,29.4000,30.8200,29.4000,30.0600,29.1300,13453561,406969344.0000,3,3.819845,1,3.192600,33.637343,2.950961,-857.003411,5.376227,0
2015-05-14,sz.002588,30.2000,31.1500,29.2100,30.4400,30.0600,10690179,322320272.0000,3,3.035243,1,1.264100,34.062565,2.988265,-867.837120,5.444190,0
2015-05-15,sz.002588,30.3000,30.3000,29.2100,29.4700,30.4400,8979611,264851731.0000,3,2.549565,1,-3.186600,32.977129,2.893041,-840.182652,5.270705,0
2015-05-18,sz.002588,29.0000,30.3000,28.4800,30.2800,29.4700,10256669,303296736.0000,3,2.912158,1,2.748600,33.883524,2.972558,-863.275558,5.415574,0
2015-05-19,sz.002588,30.4700,31.0500,29.7600,30.4500,30.2800,13724491,413706160.0000,3,3.896770,1,0.561400,34.073755,2.989247,-868.122217,5.445978,0
2015-05-20,sz.002588,30.3500,32.5000,30.0000,31.8500,30.4500,17106462,539344720.0000,3,4.857007,1,4.597700,35.640365,3.126683,-908.035882,5.696368,0
2015-05-21,sz.002588,32.7000,35.0400,32.7000,35.0400,31.8500,19706822,680176688.0000,3,5.595323,1,10.015700,39.209996,3.439842,-998.982020,6.266899,0
2015-05-22,sz.002588,37.1000,37.4100,34.0000,34.9800,35.0400,23983097,859144688.0000,3,6.809478,1,-0.171200,39.142856,3.433952,-997.271434,6.256168,0
2015-05-25,sz.002588,34.4000,35.9900,33.2500,35.0000,34.9800,16815901,577155616.0000,3,4.774509,1,0.057200,39.165236,3.435916,-997.841629,6.259745,0
2015-05-26,sz.002588,35.0000,36.0000,34.5600,35.6500,35.0000,15156494,538821408.0000,3,4.303356,1,1.857100,39.892591,3.499726,-1016.372974,6.375997,0
2015-05-27,sz.002588,35.6500,36.9800,35.4600,36.3300,35.6500,17224590,621346176.0000,3,4.890547,1,1.907400,40.653515,3.566481,-1035.759611,6.497615,0
2015-05-28,sz.002588,36.3600,36.3600,32.7000,32.7000,36.3300,16963022,587008112.0000,3,4.816280,1,-9.991700,36.591521,3.210127,-932.269179,5.848390,0
2015-05-29,sz.002588,32.4800,33.3000,29.4300,32.0000,32.7000,12920675,410632224.0000,3,3.668544,1,-2.140700,35.808216,3.141409,-912.312347,5.723195,0
2015-06-01,sz.002588,31.9000,33.3900,31.9000,33.3300,32.0000,10112821,330567504.0000,3,2.871315,1,4.156300,37.296495,3.271973,-950.230329,5.961066,0
2015-06-02,sz.002588,34.0000,34.9500,33.3900,34.8800,33.3300,11758541,401389280.0000,3,3.338581,1,4.650500,39.030955,3.424135,-994.420458,6.238283,0
2015-06-03,sz.002588,34.8800,34.9200,33.0000,33.7600,34.8800,10623746,359449888.0000,3,3.016381,1,-3.211000,37.777668,3.314186,-962.489526,6.037971,0
2015-06-04,sz.002588,33.4800,33.4800,30.7000,32.2000,33.7600,11133564,355846144.0000,3,3.161133,1,-4.620800,36.032017,3.161042,-918.014299,5.758965,0
2015-06-05,sz.002588,32.6000,33.3100,32.2200,32.8100,32.2000,9099907,298851040.0000,3,2.583720,1,1.894400,36.714611,3.220926,-935.405253,5.868064,0
2015-06-08,sz.002588,32.8800,33.0000,31.6000,32.5900,32.8100,8045125,258397351.0000,3,2.284238,1,-0.670500,36.468430,3.199328,-929.133105,5.828717,0
2015-06-09,sz.002588,32.4200,33.6000,31.7100,33.3400,32.5900,9287508,306734224.0000,3,2.636985,1,2.301300,37.307685,3.272955,-950.515426,5.962854,0
2015-06-10,sz.002588,33.2800,36.3000,32.7000,35.4500,33.3400,17914435,627121648.0000,3,5.086413,1,6.328700,39.668789,3.480092,-1010.671021,6.340227,0
2015-06-11,sz.002588,35.4500,38.9900,35.3500,38.3500,35.4500,20282589,745030528.0000,3,5.758799,1,8.180500,42.913909,3.764782,-1093.349328,6.858892,0
2015-06-12,sz.002588,38.3600,39.0600,37.2000,38.2500,38.3500,16814441,641620512.0000,3,4.774094,1,-0.260800,42.802008,3.754965,-1090.498352,6.841007,0
2015-06-15,sz.002588,38.2300,38.2300,35.1000,35.2400,38.2500,16242856,591997344.0000,3,4.611805,1,-7.869300,39.433798,3.459476,-1004.683972,6.302669,0
2015-06-16,sz.002588,34.7000,36.7000,33.3500,35.2300,35.2400,10121799,349954672.0000,3,2.873864,1,-0.028400,39.422608,3.458495,-1004.398874,6.300880,0
2015-06-17,sz.002588,35.0000,35.9800,33.8600,35.5500,35.2300,7790950,272244192.0000,3,2.212070,1,0.908300,39.780690,3.489909,-1013.521998,6.358112,0
2015-06-18,sz.002588,35.5500,36.1000,33.3500,33.5900,35.5500,7445044,261029608.0000,3,2.113858,1,-5.513400,37.587437,3.297497,-957.642866,6.007567,0
2015-06-19,sz.002588,33.5900,33.5900,33.5900,33.5900,33.5900,0,0.0000,3,,0,0.000000,37.587437,3.297497,-957.642866,6.007567,0
2015-06-23,sz.002588,33.5900,33.5900,33.5900,33.5900,33.5900,0,0.0000,3,,0,0.000000,37.587437,3.297497,-957.642866,6.007567,0
2015-06-24,sz.002588,33.5900,33.5900,33.5900,33.5900,33.5900,0,0.0000,3,,0,0.000000,37.587437,3.297497,-957.642866,6.007567,0
2015-06-25,sz.002588,33.5900,33.5900,33.5900,33.5900,33.5900,0,0.0000,3,,0,0.000000,37.587437,3.297497,-957.642866,6.007567,0
2015-06-26,sz.002588,30.2300,30.2300,30.2300,30.2300,33.5900,1523000,46040290.0000,3,0.432423,1,-10.003000,33.827574,2.967650,-861.850070,5.406631,0
2015-06-29,sz.002588,29.4600,29.4600,27.2100,27.2100,30.2300,10884282,299950288.0000,3,3.090355,1,-9.990100,30.448174,2.671179,-775.750592,4.866505,0
2015-06-30,sz.002588,25.0000,29.1500,24.4900,28.7500,27.2100,11923336,317588048.0000,3,3.385371,1,5.659700,32.171444,2.822359,-819.655624,5.141933,0
2015-07-01,sz.002588,28.0000,28.9000,25.8800,25.8800,28.7500,10009597,274938080.0000,3,2.842007,1,-9.982600,28.959895,2.540614,-737.832610,4.628634,0
2015-07-02,sz.002588,26.1500,26.1500,23.2900,23.2900,25.8800,7911453,189817804.0000,3,2.246285,1,-10.007700,26.061667,2.286356,-663.992330,4.165413,0
2015-07-03,sz.002588,22.3100,23.0000,20.9600,20.9600,23.2900,9861641,210822080.0000,3,2.799998,1,-10.004300,23.454381,2.057623,-597.564587,3.748693,0
2015-07-06,sz.002588,23.0600,23.0600,19.2200,21.7000,20.9600,12487304,263479096.0000,3,3.545498,1,3.530500,24.282446,2.130268,-618.661810,3.881042,0
2015-07-07,sz.002588,21.0000,21.6400,19.5300,19.5300,21.7000,8685430,175751900.0000,3,2.466039,1,-10.000000,21.854202,1.917241,-556.795629,3.492938,0
2015-07-08,sz.002588,17.5800,19.8800,17.5800,19.3400,19.5300,29574725,541717088.0000,3,8.397098,1,-0.972900,21.641590,1.898589,-551.378774,3.458956,0
2015-07-09,sz.002588,19.3500,21.2700,19.3500,21.2700,19.3400,10631980,221214544.0000,3,3.018719,1,9.979300,23.801273,2.088055,-606.402613,3.804136,0
2015-07-10,sz.002588,23.1800,23.4000,22.3900,23.4000,21.2700,4142194,96271968.0000,3,1.176086,1,10.014100,26.184758,2.297155,-667.128403,4.185087,0
2015-07-13,sz.002588,25.0800,25.7400,24.7000,25.7400,23.4000,9288024,236694292.0000,3,2.637132,1,10.000000,28.803234,2.526871,-733.841244,4.603595,0
2015-07-14,sz.002588,26.5000,27.9800,25.8800,26.0300,25.7400,13751833,368910128.0000,3,3.904533,1,1.126700,29.127746,2.555340,-742.109074,4.655462,0
2015-07-15,sz.002588,25.3400,26.4000,23.4400,23.4400,26.0300,8944641,221284902.0000,3,2.539636,1,-9.950100,26.229518,2.301082,-668.268794,4.192241,0
2015-07-16,sz.002588,23.4400,25.5000,21.8900,24.5800,23.4400,9418246,227152904.0000,3,2.674106,1,4.863500,27.505186,2.412995,-700.769921,4.396130,0
2015-07-17,sz.002588,24.8200,26.8000,24.8000,26.6600,24.5800,6796342,176450417.0000,3,1.929673,1,8.462200,29.832720,2.617186,-760.070224,4.768137,0
2015-07-20,sz.002588,26.8000,28.2600,26.5200,27.5000,26.6600,9783362,269613184.0000,3,2.777772,1,3.150800,30.772686,2.699648,-784.018423,4.918371,0
2015-07-21,sz.002588,27.0000,27.5200,26.6000,27.2000,27.5000,6320559,171343825.0000,3,1.794585,1,-1.090900,30.436984,2.670197,-775.465495,4.864716,0
2015-07-22,sz.002588,27.2200,27.6800,25.9000,26.8600,27.2000,8311704,222207592.0000,3,2.359927,1,-1.250000,30.056521,2.636820,-765.772176,4.803907,0
2015-07-23,sz.002588,26.5400,29.0000,26.5400,28.6100,26.8600,10744687,299128992.0000,3,3.050720,1,6.515300,32.014783,2.808616,-815.664257,5.116894,0
2015-07-24,sz.002588,28.6000,29.3700,27.6100,27.7900,28.6100,9081809,260643524.0000,3,2.578582,1,-2.866100,31.097197,2.728117,-792.286253,4.970238,0
2015-07-27,sz.002588,27.2000,27.5800,25.0100,25.0100,27.7900,8817899,232235994.0000,3,2.503650,1,-10.003600,27.986359,2.455207,-713.029118,4.473035,0
2015-07-28,sz.002588,24.4000,26.2600,22.5200,25.3400,25.0100,12423334,302578800.0000,3,3.527335,1,1.319500,28.355631,2.487603,-722.437339,4.532055,0
2015-07-29,sz.002588,25.2000,26.3000,24.8300,26.3000,25.3400,6036188,154044160.0000,3,1.713844,1,3.788500,29.429877,2.581845,-749.806710,4.703751,0
2015-07-30,sz.002588,26.6100,27.1900,25.2800,25.3800,26.3000,6068425,160847858.0000,3,1.722997,1,-3.498100,28.400391,2.491530,-723.577730,4.539209,0
2015-07-31,sz.002588,24.9800,25.8800,24.8700,25.6700,25.3800,4484734,113705400.0000,3,1.273342,1,1.142600,28.724903,2.519999,-731.845561,4.591076,0
2015-08-03,sz.002588,25.0500,25.9600,23.7400,24.8900,25.6700,4594014,114199689.0000,3,1.304370,1,-3.038600,27.852078,2.443427,-709.607947,4.451573,0
2015-08-04,sz.002588,25.0000,26.5400,24.7500,26.5000,24.8900,6463669,166753584.0000,3,1.835218,1,6.468500,29.653679,2.601479,-755.508662,4.739521,0
2015-08-05,sz.002588,26.5500,26.7800,25.9100,26.0800,26.5000,5307896,139645053.0000,3,1.507061,1,-1.584900,29.183696,2.560248,-743.534562,4.664404,0
2015-08-06,sz.002588,25.0900,26.0300,25.0900,25.7000,26.0800,2673100,68610830.0000,3,0.758968,1,-1.457100,28.758473,2.522944,-732.700853,4.596441,0
2015-08-07,sz.002588,25.7600,26.4200,25.7600,26.3600,25.7000,3525146,92312215.0000,3,1.000888,1,2.568100,29.497018,2.587735,-751.517296,4.714482,0
2015-08-10,sz.002588,26.7000,27.7900,26.7000,27.5000,26.3600,6387531,173904706.0000,3,1.813600,1,4.324700,30.772686,2.699648,-784.018423,4.918371,0
2015-08-11,sz.002588,27.6000,27.7700,26.4700,27.0300,27.5000,6145174,166998933.0000,3,1.744788,1,-1.709100,30.246752,2.653509,-770.618835,4.834312,0
2015-08-12,sz.002588,26.8800,27.6000,26.5000,26.5600,27.0300,4323686,116926396.0000,3,1.227616,1,-1.738800,29.720819,2.607369,-757.219248,4.750252,0
2015-08-13,sz.002588,26.5000,26.9800,25.8000,26.9400,26.5600,4257243,112768661.0000,3,1.208751,1,1.430700,30.146042,2.644673,-768.052957,4.818215,0
2015-08-14,sz.002588,27.3000,28.3000,27.0500,27.1800,26.9400,6046459,167508828.0000,3,1.716760,1,0.890900,30.414603,2.668234,-774.895299,4.861139,0
2015-08-17,sz.002588,27.0800,27.6800,26.3000,27.3800,27.1800,5046486,134923203.0000,3,1.432840,1,0.735800,30.638405,2.687868,-780.597252,4.896909,0
2015-08-18,sz.002588,27.3000,27.3500,24.7100,24.9500,27.3800,6157181,160562767.0000,3,1.748197,1,-8.875100,27.919218,2.449317,-711.318533,4.462304,0
2015-08-19,sz.002588,24.8000,25.6800,23.9800,25.4700,24.9500,4434272,110140756.0000,3,1.259015,1,2.084200,28.501102,2.500365,-726.143608,4.555306,0
2015-08-20,sz.002588,25.4500,25.4600,24.5100,24.6500,25.4700,2868401,71690093.0000,3,0.814420,1,-3.219500,27.583516,2.419866,-702.765604,4.408649,0
2015-08-21,sz.002588,24.2400,24.3600,22.3800,22.5100,24.6500,5308888,123335535.0000,3,1.507343,1,-8.681500,25.188842,2.209785,-641.754716,4.025910,0
2015-08-24,sz.002588,21.1100,21.4500,20.2600,20.2600,22.5100,9835087,200657650.0000,3,2.792459,1,-9.995600,22.671077,1.988904,-577.607754,3.623498,0
2015-08-25,sz.002588,19.0000,21.0300,18.6100,18.9000,20.2600,6582886,129769834.0000,3,1.869067,1,-6.712700,21.149228,1.855394,-538.834480,3.380262,0
2015-08-26,sz.002588,20.0000,20.3600,19.0000,19.5000,18.9000,5711043,112642111.0000,3,1.622579,1,3.174600,20.246043,1.819665,-20.104604,3.431166,0
2015-08-27,sz.002588,20.2000,20.9900,19.5800,20.9800,19.5000,3795241,76772589.0000,3,1.078275,1,7.589700,21.782665,1.957773,-21.630492,3.691583,0
2015-08-28,sz.002588,21.2000,23.0800,21.2000,23.0800,20.9800,5705102,127606689.0000,3,1.620891,1,10.009500,23.963009,2.153736,-23.795603,4.061093,0
2015-08-31,sz.002588,23.0000,23.0000,22.0000,22.1000,23.0800,3722478,83526098.0000,3,1.057602,1,-4.246100,22.992796,2.066536,-22.832169,3.896668,0
2015-09-01,sz.002588,22.0100,22.1000,20.0000,20.9900,22.1000,4285459,90004185.0000,3,1.217552,1,-5.022600,21.837954,1.962742,-21.685395,3.700953,0
2015-09-02,sz.002588,20.0000,22.4200,19.8000,22.4200,20.9900,6619091,143417445.0000,3,1.880566,1,6.812800,23.325724,2.096459,-23.162770,3.953090,0
2015-09-07,sz.002588,22.6700,23.4500,20.1800,20.6500,22.4200,15528721,331248448.0000,3,4.411904,1,-7.894700,21.484219,1.930949,-21.334131,3.641004,0
2015-09-08,sz.002588,20.5000,21.5600,19.8100,21.4900,20.6500,4360560,90971904.0000,3,1.238890,1,4.067800,22.358153,2.009496,-22.201960,3.789113,0
2015-09-09,sz.002588,21.5300,22.6000,21.2200,21.3700,21.4900,15382576,332994224.0000,3,4.370382,1,-0.558400,22.233306,1.998275,-22.077984,3.767954,0
2015-09-10,sz.002588,21.3000,21.7200,21.0000,21.2400,21.3700,5356155,114939826.0000,3,1.521751,1,-0.608300,22.098054,1.986119,-21.943677,3.745033,0
2015-09-11,sz.002588,21.0500,21.3700,20.6600,21.1300,21.2400,5418163,113800918.0000,3,1.539368,1,-0.517900,21.983610,1.975833,-21.830033,3.725638,0
2015-09-14,sz.002588,21.1700,21.4200,19.3900,20.3000,21.1300,5934440,121574906.0000,3,1.686048,1,-3.928100,21.120080,1.898221,-20.972535,3.579292,0
2015-09-15,sz.002588,19.7000,20.2000,18.8500,19.0000,20.3000,5042449,98076679.0000,3,1.432623,1,-6.403900,19.767562,1.776660,-19.629466,3.350077,0
2015-09-16,sz.002588,19.3500,20.9000,18.9000,20.4200,19.0000,4940871,97705357.0000,3,1.403763,1,7.473700,21.244928,1.909442,-21.096511,3.600451,0
2015-09-17,sz.002588,20.4000,20.7500,20.0900,20.1000,20.4200,4066298,83195709.0000,3,1.155286,1,-1.567100,20.912000,1.879519,-20.765909,3.544028,0
2015-09-18,sz.002588,20.1500,20.3900,19.9100,20.1100,20.1000,2422044,48769828.0000,3,0.688133,1,0.049800,20.922404,1.880454,-20.776241,3.545791,0
2015-09-21,sz.002588,20.0000,21.2900,19.9000,21.0000,20.1100,4357605,90251461.0000,3,1.238050,1,4.425700,21.848358,1.963677,-21.695726,3.702716,0
2015-09-22,sz.002588,21.2500,21.6800,21.0300,21.1800,21.0000,4032476,86074475.0000,3,1.145677,1,0.857100,22.035630,1.980508,-21.881689,3.734454,0
2015-09-23,sz.002588,20.8900,21.6600,20.6100,21.5200,21.1800,4369336,93345122.0000,3,1.241383,1,1.605300,22.389365,2.012301,-22.232954,3.794402,0
2015-09-24,sz.002588,21.5200,21.8000,21.3000,21.4900,21.5200,3348142,72100984.0000,3,0.951249,1,-0.139400,22.358153,2.009496,-22.201960,3.789113,0
2015-09-25,sz.002588,21.5500,21.8200,20.9600,21.1600,21.4900,4080541,87819830.0000,3,1.159333,1,-1.535600,22.014822,1.978638,-21.861027,3.730927,0
2015-09-28,sz.002588,21.1900,21.6500,21.0000,21.6500,21.1600,2454280,52574408.0000,3,0.697292,1,2.315700,22.524617,2.024457,-22.367260,3.817324,0
2015-09-29,sz.002588,21.4500,21.9200,21.1500,21.5000,21.6500,2669050,57510582.0000,3,0.758310,1,-0.692800,22.368557,2.010431,-22.212291,3.790876,0
2015-09-30,sz.002588,21.5300,21.9300,21.5000,21.7900,21.5000,2257256,49071007.0000,3,0.641315,1,1.348800,22.670273,2.037549,-22.511899,3.842009,0
2015-10-08,sz.002588,22.6000,23.7000,22.6000,22.7800,21.7900,5376365,124181419.0000,3,1.527492,1,4.543400,23.700267,2.130122,-23.534697,4.016565,0
2015-10-09,sz.002588,22.7800,23.5000,22.5000,23.3400,22.7800,3345782,77394884.0000,3,0.950578,1,2.458300,24.282890,2.182487,-24.113250,4.115305,0
2015-10-12,sz.002588,23.5500,25.4800,23.5100,24.9700,23.3400,6805354,167401001.0000,3,1.933486,1,6.983700,25.978739,2.334905,-25.797251,4.402706,0
2015-10-13,sz.002588,25.0800,25.8900,24.6000,25.2600,24.9700,5170815,130918138.0000,3,1.469093,1,1.161400,26.280454,2.362023,-26.096859,4.453839,0
2015-10-14,sz.002588,25.3400,25.9200,24.9200,25.0100,25.2600,4573545,116366622.0000,3,1.299401,1,-0.989700,26.020354,2.338646,-25.838577,4.409759,0
2015-10-15,sz.002588,25.0700,25.6000,24.2800,25.5400,25.0100,6357488,158807237.0000,3,1.806242,1,2.119200,26.571765,2.388205,-26.386135,4.503208,0
2015-10-16,sz.002588,25.6500,25.6800,24.6000,25.3500,25.5400,6194678,155568740.0000,3,1.759985,1,-0.743900,26.374090,2.370439,-26.189841,4.469707,0
2015-10-19,sz.002588,25.2000,25.3000,24.5000,24.7500,25.3500,3378053,83903263.0000,3,0.959747,1,-2.366900,25.749851,2.314333,-25.569963,4.363915,0
2015-10-20,sz.002588,24.9800,25.5000,24.7500,25.4600,24.7500,4260105,107517512.0000,3,1.210349,1,2.868700,26.488534,2.380724,-26.303485,4.489103,0
2015-10-21,sz.002588,25.4600,25.4900,23.0000,23.4100,25.4600,4783105,116309827.0000,3,1.358940,1,-8.051800,24.355718,2.189032,-24.185569,4.127647,0
2015-10-22,sz.002588,23.4000,24.2800,23.4000,24.1500,23.4100,3020079,72288617.0000,3,0.858042,1,3.161000,25.125612,2.258228,-24.950085,4.258124,0
2015-10-23,sz.002588,24.1600,24.4400,23.7500,24.3200,24.1500,5193483,125489820.0000,3,1.475533,1,0.703900,25.302480,2.274125,-25.125717,4.288098,0
2015-10-26,sz.002588,24.7400,26.7500,24.5100,26.3300,24.3200,15552653,402141248.0000,3,4.418703,1,8.264800,27.393680,2.462077,-27.202308,4.642501,0
2015-10-27,sz.002588,25.8000,26.5500,24.8800,26.4800,26.3300,8637295,222567855.0000,3,2.453963,1,0.569700,27.549740,2.476103,-27.357277,4.668949,0
2015-10-28,sz.002588,26.0000,26.9500,25.4600,25.6500,26.4800,4858659,127579234.0000,3,1.380406,1,-3.134400,26.686209,2.398491,-26.499780,4.522603,0
2015-10-29,sz.002588,25.7500,26.5000,25.4600,25.9600,25.6500,4895403,127280147.0000,3,1.390845,1,1.208600,27.008733,2.427479,-26.820050,4.577262,0
2015-10-30,sz.002588,25.9600,26.4700,25.3000,25.8900,25.9600,5327071,138410735.0000,3,1.513487,1,-0.269600,24.286387,1.966517,-26.455695,4.271290,0
2015-11-02,sz.002588,25.5000,27.6000,25.1100,26.8300,25.8900,8921949,238360836.0000,3,2.534837,1,3.630700,25.168164,2.037916,-27.416234,4.426369,0
2015-11-03,sz.002588,27.0100,28.0000,27.0100,27.9500,26.8300,9901005,273839120.0000,3,2.812999,1,4.174400,26.218791,2.122987,-28.560706,4.611145,0
2015-11-04,sz.002588,27.9500,28.7000,27.2000,28.5800,27.9500,8255305,231509062.0000,3,2.345435,1,2.254000,26.809770,2.170840,-29.204471,4.715082,0
2015-11-05,sz.002588,28.2600,28.7900,27.6300,27.9600,28.5800,6384443,179322436.0000,3,1.813900,1,-2.169400,26.228172,2.123747,-28.570924,4.612795,0
2015-11-06,sz.002588,27.8300,28.4800,27.6800,28.2600,27.9600,5750180,161739814.0000,3,1.633698,1,1.073000,26.509590,2.146534,-28.877479,4.662289,0
2015-11-09,sz.002588,28.0000,28.1700,27.3700,27.9700,28.2600,5334583,148129413.0000,3,1.515622,1,-1.026200,26.237553,2.124506,-28.581143,4.614445,0
2015-11-10,sz.002588,28.2000,29.0700,27.8000,28.3300,27.9700,8274410,234913888.0000,3,2.350863,1,1.287100,26.575254,2.151851,-28.949009,4.673837,0
2015-11-11,sz.002588,28.7800,28.7800,27.8800,28.3700,28.3300,4491315,126909937.0000,3,1.276039,1,0.141200,26.612777,2.154889,-28.989883,4.680436,0
2015-11-12,sz.002588,28.3800,28.4600,27.9400,28.0600,28.3700,7606714,213570265.0000,3,2.161162,1,-1.092700,26.321978,2.131342,-28.673109,4.629293,0
2015-11-13,sz.002588,27.9900,27.9900,26.6500,27.3400,28.0600,5276925,144352950.0000,3,1.499240,1,-2.565900,25.646574,2.076654,-27.937377,4.510508,0
2015-11-16,sz.002588,27.0000,27.5800,26.7800,27.5800,27.3400,3946674,107510368.0000,3,1.121299,1,0.877800,25.871709,2.094883,-28.182621,4.550103,0
2015-11-17,sz.002588,27.8500,29.7000,27.8000,29.0900,27.5800,9735599,282106224.0000,3,2.766005,1,5.475000,27.288180,2.209578,-29.725615,4.799221,0
2015-11-18,sz.002588,29.0900,30.5600,28.6200,30.0500,29.0900,10473238,310601744.0000,3,2.975578,1,3.300100,28.188718,2.282496,-30.706590,4.957600,0
2015-11-19,sz.002588,30.0900,31.5500,29.7300,30.2000,30.0500,6973027,212052005.0000,3,1.981124,1,0.499200,28.329428,2.293889,-30.859868,4.982347,0
2015-11-20,sz.002588,29.7800,30.2000,29.3100,29.8500,30.2000,5368165,159606262.0000,3,1.525163,1,-1.158900,28.001106,2.267305,-30.502220,4.924604,0
2015-11-23,sz.002588,29.6700,32.3900,29.4200,31.6200,29.8500,7145309,222348678.0000,3,2.030071,1,5.929600,29.661473,2.401748,-32.310895,5.216616,0
2015-11-24,sz.002588,31.0300,32.9500,31.0000,32.3600,31.6200,6921132,222924602.0000,3,1.966380,1,2.340300,30.355638,2.457956,-33.067064,5.338700,0
2015-11-25,sz.002588,32.6500,32.8500,31.6000,32.3900,32.3600,4861886,157308523.0000,3,1.381323,1,0.092700,30.383780,2.460234,-33.097719,5.343649,0
2015-11-26,sz.002588,32.0200,32.2500,30.9100,31.4000,32.3900,5073790,160929568.0000,3,1.441527,1,-3.056500,29.455100,2.385037,-32.086088,5.180321,0
2015-11-27,sz.002588,31.0700,31.3800,29.2900,29.5000,31.4000,5235681,160183450.0000,3,1.487522,1,-6.051000,27.672785,2.240720,-30.144573,4.866862,0
2015-11-30,sz.002588,29.7900,31.8700,29.2000,31.1500,29.5000,6980931,213827815.0000,3,1.983370,1,5.593200,29.220585,2.366048,-31.830625,5.139076,0
2015-12-01,sz.002588,31.1500,32.6800,30.7200,32.5000,31.1500,8790697,281877920.0000,3,2.497547,1,4.333900,30.486967,2.468590,-33.210123,5.361797,0
2015-12-02,sz.002588,32.5100,32.9000,29.7900,32.3800,32.5000,5591958,176472127.0000,3,1.588745,1,-0.369200,30.374399,2.459475,-33.087501,5.341999,0
2015-12-03,sz.002588,31.7800,32.7700,31.6900,32.4500,32.3800,3891041,126246032.0000,3,1.105493,1,0.216200,30.440064,2.464792,-33.159030,5.353548,0
2015-12-04,sz.002588,32.4500,34.3500,32.0600,33.9500,32.4500,8381549,281777888.0000,3,2.381303,1,4.622500,31.847154,2.578727,-34.691805,5.601015,0
2015-12-07,sz.002588,33.8000,34.8600,33.2100,33.6600,33.9500,6130448,208356359.0000,3,1.741737,1,-0.854200,31.575117,2.556699,-34.395469,5.553172,0
2015-12-08,sz.002588,33.1000,33.6600,31.8000,32.3000,33.6600,4920304,161036255.0000,3,1.397920,1,-4.040400,30.299355,2.453398,-33.005753,5.328801,0
2015-12-09,sz.002588,32.3000,34.5000,32.1000,34.5000,32.3000,7142614,241004661.0000,3,2.029306,1,6.811100,32.363088,2.620503,-35.253823,5.691753,0
2015-12-10,sz.002588,34.5500,35.1900,33.6000,34.1400,34.5000,4354088,149604492.0000,3,1.237051,1,-1.043500,32.025386,2.593159,-34.885957,5.632361,0
2015-12-11,sz.002588,33.9900,35.1100,33.6000,34.6800,34.1400,4529813,156656087.0000,3,1.286976,1,1.581700,32.531939,2.634175,-35.437756,5.721450,0
2015-12-14,sz.002588,34.1700,35.3500,33.9100,34.5700,34.6800,3850650,133537980.0000,3,1.094018,1,-0.317200,32.428752,2.625820,-35.325352,5.703302,0
2015-12-15,sz.002588,34.4000,35.1100,34.2000,34.6800,34.5700,3179504,110031141.0000,3,0.903337,1,0.318200,32.531939,2.634175,-35.437756,5.721450,0
2015-12-16,sz.002588,34.4500,34.9400,33.6700,33.7500,34.6800,3881181,132452695.0000,3,1.102692,1,-2.681700,31.659542,2.563535,-34.487435,5.568020,0
2015-12-17,sz.002588,33.8900,34.6500,33.8900,34.4000,33.7500,4471970,152909760.0000,3,1.270543,1,1.925900,32.269282,2.612907,-35.151638,5.675256,0
2015-12-18,sz.002588,34.3800,37.5000,33.5500,35.5500,34.4000,8257311,291610368.0000,3,2.346005,1,3.343000,33.348051,2.700257,-36.326765,5.864981,0
2015-12-21,sz.002588,35.3000,36.5000,34.8200,35.2700,35.5500,5355905,189788118.0000,3,1.521679,1,-0.787600,33.085394,2.678989,-36.040647,5.818787,0
2015-12-22,sz.002588,35.4800,35.9400,35.1000,35.3000,35.2700,3997389,141611398.0000,3,1.135708,1,0.085100,33.113536,2.681268,-36.071303,5.823736,0
2015-12-23,sz.002588,35.3000,35.3000,34.4000,34.6400,35.3000,3675589,127952158.0000,3,1.044281,1,-1.869700,32.494416,2.631137,-35.396882,5.714850,0
2015-12-24,sz.002588,34.2900,34.9000,34.1800,34.8000,34.6400,2438994,84343842.0000,3,0.692949,1,0.461900,32.644506,2.643290,-35.560378,5.741247,0
2015-12-25,sz.002588,35.0000,35.5700,34.2600,34.4700,34.8000,4036547,140805301.0000,3,1.146833,1,-0.948300,32.334946,2.618224,-35.223167,5.686804,0
2015-12-28,sz.002588,34.4300,34.6500,32.0000,32.2500,34.4700,9652062,320862576.0000,3,2.742271,1,-6.440400,30.252452,2.449601,-32.954660,5.320552,0
2015-12-29,sz.002588,32.2700,32.9700,31.0100,32.9500,32.2500,4948586,157987285.0000,3,1.405955,1,2.170500,30.909094,2.502770,-33.669955,5.436037,0
2015-12-30,sz.002588,33.3300,33.3300,32.2800,32.6600,32.9500,2717965,88734072.0000,3,0.772208,1,-0.880100,30.637056,2.480743,-33.373619,5.388193,0
2015-12-31,sz.002588,32.6000,33.0800,31.6000,32.5300,32.6600,4528398,146108939.0000,3,1.286821,1,-0.398000,30.515109,2.470868,-33.240778,5.366746,0
2016-01-04,sz.002588,32.5200,32.5300,29.3700,29.4800,32.5300,2866619,90499377.0000,3,0.814598,1,-9.376000,27.654024,2.239201,-30.124136,4.863562,0
2016-01-05,sz.002588,28.6000,31.0300,27.4800,30.8500,29.4800,5508056,166058017.0000,3,1.565208,1,4.647200,28.939167,2.343261,-31.524070,5.089582,0
2016-01-06,sz.002588,30.7100,31.1800,30.0200,31.1500,30.8500,3344768,103106856.0000,3,0.950473,1,0.972400,29.220585,2.366048,-31.830625,5.139076,0
2016-01-07,sz.002588,30.5200,30.6000,28.0400,28.1300,31.1500,807341,23579489.0000,3,0.229420,1,-9.695000,26.387642,2.136659,-28.744639,4.640841,0
2016-01-08,sz.002588,29.2000,29.9300,27.0800,29.5000,28.1300,5200859,150752256.0000,3,1.477912,1,4.870200,27.672785,2.240720,-30.144573,4.866862,0
2016-01-11,sz.002588,29.0000,30.1900,28.8000,28.9100,29.5000,4265266,125597839.0000,3,1.212048,1,-2.000000,27.119329,2.195905,-29.541682,4.769524,0
2016-01-12,sz.002588,29.1000,29.5500,28.6100,28.9000,28.9100,3996107,115804516.0000,3,1.135562,1,-0.034600,27.109949,2.195146,-29.531463,4.767875,0
2016-01-13,sz.002588,28.8800,29.1800,27.2300,27.7500,28.9000,4329298,122054479.0000,3,1.230244,1,-3.979200,26.031179,2.107796,-28.356336,4.578150,0
2016-01-14,sz.002588,26.0100,28.3800,26.0100,27.7900,27.7500,3830045,105272799.0000,3,1.088372,1,0.144100,26.068702,2.110834,-28.397210,4.584749,0
2016-01-15,sz.002588,27.5000,27.7000,26.4000,26.5300,27.7900,3373182,90970996.0000,3,0.958547,1,-4.534000,24.886745,2.015129,-27.109679,4.376876,0
2016-01-18,sz.002588,25.9400,27.1600,25.8200,26.5200,26.5300,3028152,80344103.0000,3,0.860501,1,-0.037700,24.877365,2.014369,-27.099460,4.375226,0
2016-01-19,sz.002588,26.4700,28.2000,26.2200,27.8900,26.5200,5463194,150245629.0000,3,1.552459,1,5.165900,26.162508,2.118430,-28.499395,4.601247,0
2016-01-20,sz.002588,27.6900,29.3900,27.5300,28.2000,27.8900,5072729,145136870.0000,3,1.441502,1,1.111500,26.453307,2.141976,-28.816168,4.652390,0
2016-01-21,sz.002588,27.2800,28.7300,27.2700,28.1800,28.2000,3885052,109174487.0000,3,1.104004,1,-0.070900,26.434545,2.140457,-28.795731,4.649090,0
2016-01-22,sz.002588,28.2100,28.6900,27.5200,28.2500,28.1800,2726767,76510541.0000,3,0.774857,1,0.248400,26.500210,2.145774,-28.867261,4.660639,0
2016-01-25,sz.002588,28.9100,29.0800,27.9800,28.1700,28.2500,2044884,58118657.0000,3,0.581089,1,-0.283200,26.425165,2.139698,-28.785513,4.647440,0
2016-01-26,sz.002588,27.8300,28.1600,26.1800,26.6100,28.1700,3028394,82127729.0000,3,0.860570,1,-5.537800,24.961790,2.021205,-27.191427,4.390074,0
2016-01-27,sz.002588,27.2300,27.2300,24.5900,26.1400,26.6100,3437033,88572965.0000,3,0.976691,1,-1.766300,24.520902,1.985506,-26.711157,4.312534,0
2016-01-28,sz.002588,26.3000,27.1000,25.6200,25.8100,26.1400,3539417,93368716.0000,3,1.005785,1,-1.262400,24.211342,1.960440,-26.373947,4.258092,0
2016-01-29,sz.002588,25.8000,27.0400,25.6200,26.5100,25.8100,2804105,74009490.0000,3,0.796834,1,2.712100,24.867984,2.013610,-27.089242,4.373576,0
2016-02-01,sz.002588,26.5000,26.6600,25.5000,26.0000,26.5100,2871116,75063108.0000,3,0.815876,1,-1.923800,24.389573,1.974872,-26.568098,4.289437,0
2016-02-02,sz.002588,26.0000,27.1400,25.9000,26.8500,26.0000,3071015,82276952.0000,3,0.872681,1,3.269200,25.258881,2.223451,-27.436671,4.429669,0
2016-02-03,sz.002588,26.4000,27.5000,26.3600,27.3800,26.8500,2160081,58277888.0000,3,0.613824,1,1.973900,25.757474,2.267340,-27.978251,4.517108,0
2016-02-04,sz.002588,27.5000,28.1800,27.2000,27.9700,27.3800,2079525,58103911.0000,3,0.590932,1,2.154900,26.312511,2.316198,-28.581143,4.614445,0
2016-02-05,sz.002588,28.0000,28.2500,27.8000,28.2100,27.9700,1945846,54681887.0000,3,0.552945,1,0.858100,26.538288,2.336072,-28.826387,4.654040,0
2016-02-15,sz.002588,27.0100,28.3300,27.0100,28.1200,28.2100,1428576,39617640.0000,3,0.405954,1,-0.319000,26.453622,2.328620,-28.734420,4.639192,0
2016-02-16,sz.002588,28.2800,29.0500,28.0200,28.9100,28.1200,2975044,85345738.0000,3,0.845409,1,2.809400,27.196807,2.394040,-29.541682,4.769524,0
2016-02-17,sz.002588,28.9700,28.9700,28.2600,28.7700,28.9100,2408881,68919952.0000,3,0.684524,1,-0.484300,27.065103,2.382446,-29.398623,4.746427,0
2016-02-18,sz.002588,28.7500,28.9400,28.4000,28.4500,28.7700,1915428,54910171.0000,3,0.544301,1,-1.112300,26.764066,2.355947,-29.071631,4.693634,0
2016-02-19,sz.002588,28.2000,28.6300,28.1000,28.5500,28.4500,1908353,54167520.0000,3,0.542291,1,0.351500,26.858140,2.364228,-29.173816,4.710132,0
2016-02-22,sz.002588,28.8900,28.9500,28.5000,28.8500,28.5500,2303704,66180512.0000,3,0.654637,1,1.050800,27.140362,2.389071,-29.480371,4.759626,0
2016-02-23,sz.002588,29.3000,29.3000,28.3600,28.7800,28.8500,1930962,55644228.0000,3,0.548716,1,-0.242600,27.074510,2.383274,-29.408841,4.748077,0
2016-02-24,sz.002588,28.6800,28.7800,27.8800,28.3600,28.7800,1826844,51697447.0000,3,0.519129,1,-1.459300,26.679399,2.348494,-28.979664,4.678786,0
2016-02-25,sz.002588,28.2400,28.2400,25.5200,25.5800,28.3600,3821681,102021516.0000,3,1.085996,1,-9.802500,24.064141,2.118282,-26.138921,4.220146,0
2016-02-26,sz.002588,25.9800,26.2900,25.4300,25.6600,25.5800,1982821,51152784.0000,3,0.563452,1,0.312700,24.139400,2.124907,-26.220669,4.233345,0
2016-02-29,sz.002588,25.7800,25.7800,23.6000,23.9100,25.6600,2266585,55073742.0000,3,0.644089,1,-6.820000,22.493104,1.979989,-24.432432,3.944633,0
2016-03-01,sz.002588,24.0000,25.2700,23.6000,25.2500,23.9100,2917073,71027153.0000,3,0.828936,1,5.604400,23.753697,2.090955,-25.801711,4.165704,0
2016-03-02,sz.002588,25.2300,26.2600,24.9400,26.0600,25.2500,2989711,76847785.0000,3,0.849577,1,3.207900,24.515696,2.158031,-26.629409,4.299336,0
2016-03-03,sz.002588,26.3300,26.3300,25.8000,25.9400,26.0600,2180978,56858501.0000,3,0.619762,1,-0.460500,24.402808,2.148094,-26.506787,4.279539,0
2016-03-04,sz.002588,25.8100,25.9900,24.5800,24.9500,25.9400,2247754,56651220.0000,3,0.638737,1,-3.816500,23.471474,2.066112,-25.495156,4.116210,0
2016-03-07,sz.002588,25.0000,25.5900,24.8800,25.0900,24.9500,1618957,40897095.0000,3,0.460054,1,0.561100,23.603178,2.077705,-25.638215,4.139307,0
2016-03-08,sz.002588,25.1000,25.3800,24.1800,25.1700,25.0900,1963887,48577576.0000,3,0.558072,1,0.318900,23.678437,2.084330,-25.719963,4.152505,0
2016-03-09,sz.002588,24.9100,25.1200,24.3100,24.5400,25.1700,2007644,49356709.0000,3,0.570506,1,-2.503000,23.085771,2.032159,-25.076197,4.048569,0
2016-03-10,sz.002588,24.5000,24.7700,24.0100,24.1200,24.5400,1189629,29026163.0000,3,0.338053,1,-1.711500,22.690660,1.997379,-24.647020,3.979278,0
2016-03-11,sz.002588,24.1200,24.2200,23.6000,23.8700,24.1200,2110817,50417756.0000,3,0.599824,1,-1.036500,22.455475,1.976677,-24.391558,3.938033,0
2016-03-14,sz.002588,24.2300,25.2000,24.2000,24.6800,23.8700,3224005,79992124.0000,3,0.916156,1,3.393400,23.217475,2.043753,-25.219256,4.071666,0
2016-03-15,sz.002588,24.5600,24.8500,24.3800,24.4400,24.6800,1426518,35043720.0000,3,0.405369,1,-0.972400,22.991697,2.023878,-24.974012,4.032071,0
2016-03-16,sz.002588,24.5900,24.8400,24.0600,24.1700,24.4400,1776213,43280988.0000,3,0.504741,1,-1.104700,22.737697,2.001520,-24.698113,3.987527,0
2016-03-17,sz.002588,24.1700,25.0200,24.1700,24.9500,24.1700,2621905,64986582.0000,3,0.739013,1,3.227100,23.471474,2.066112,-25.495156,4.116210,0
2016-03-18,sz.002588,24.9800,26.1500,24.9800,25.8000,24.9500,3264987,83731911.0000,3,0.920272,1,3.406800,24.271104,2.136500,-26.363728,4.256442,0
2016-03-21,sz.002588,26.3400,26.4400,25.8600,26.2500,25.8000,2938250,76725580.0000,3,0.828178,1,1.744200,24.694437,2.173765,-26.823561,4.330682,0
2016-03-22,sz.002588,25.9100,26.3800,25.8000,26.2500,26.2500,3139097,81670866.0000,3,0.884789,1,0.000000,24.694437,2.173765,-26.823561,4.330682,0
2016-03-23,sz.002588,26.0100,27.9600,25.7000,27.9600,26.2500,4829603,128436208.0000,3,1.361276,1,6.514300,26.303103,2.315370,-28.570924,4.612795,0
2016-03-24,sz.002588,27.9000,28.4000,27.0800,27.4000,27.9600,7822127,218377782.0000,3,2.204752,1,-2.002900,25.776289,2.268996,-27.998688,4.520407,0
2016-03-25,sz.002588,27.1300,27.2500,25.9000,26.4600,27.4000,5021572,133746334.0000,3,1.415385,1,-3.430700,24.891993,2.191155,-27.038149,4.365327,0
2016-03-28,sz.002588,26.5000,27.3300,26.4000,26.5500,26.4600,3315352,88976387.0000,3,0.934468,1,0.340100,24.976659,2.198608,-27.130116,4.380176,0
2016-03-29,sz.002588,26.5500,26.5500,25.7000,25.8600,26.5500,2424583,63022044.0000,3,0.681479,1,-2.598900,24.327548,2.141469,-26.425039,4.266340,0
2016-03-30,sz.002588,26.1000,26.9900,26.0500,26.8100,25.8600,2835837,74942903.0000,3,0.797071,1,3.673600,25.198419,2.218128,-27.370995,4.419066,0
2016-03-31,sz.002588,26.8000,27.1000,26.5200,27.1000,26.8100,3395537,91228061.0000,3,0.954386,1,1.081700,25.470987,2.242122,-27.667063,4.466866,0
2016-04-01,sz.002588,26.8900,27.0200,26.3900,27.0100,27.1000,3325742,88956284.0000,3,0.934769,1,-0.332100,25.386397,2.234675,-27.575180,4.452031,0
2016-04-05,sz.002588,27.2800,27.6200,26.7600,27.4600,27.0100,4089252,111891135.0000,3,1.149369,1,1.666000,25.809347,2.271906,-28.034596,4.526205,0
2016-04-06,sz.002588,27.3800,27.7000,26.8100,27.0900,27.4600,3861434,105178249.0000,3,1.085336,1,-1.347400,25.461588,2.241294,-27.656854,4.465218,0
2016-04-07,sz.002588,27.1400,27.3600,26.3900,26.4100,27.0900,3744649,99971501.0000,3,1.052511,1,-2.510200,24.822463,2.185034,-26.962625,4.353134,0
2016-04-08,sz.002588,26.4100,26.7400,25.9900,26.5500,26.4100,3415034,90274158.0000,3,0.959866,1,0.530100,24.954048,2.196617,-27.105555,4.376210,0
2016-04-11,sz.002588,26.7700,27.1700,26.7200,26.8900,26.5500,3023352,81510346.0000,3,0.849776,1,1.280600,25.273610,2.224747,-27.452669,4.432252,0
2016-04-12,sz.002588,28.7800,28.7800,27.2600,27.6500,26.8900,18479603,514529104.0000,3,5.194075,1,2.826300,25.993506,2.287626,-17.459446,4.430636,0
2016-04-13,sz.002588,27.8000,28.3700,27.4300,27.8500,27.6500,12611453,351871792.0000,3,3.544710,1,0.723300,26.181524,2.304173,-17.585735,4.462684,0
2016-04-14,sz.002588,27.9800,28.0300,27.5100,27.8100,27.8500,6584168,182388383.0000,3,1.850617,1,-0.143600,26.143921,2.300864,-17.560477,4.456274,0
2016-04-15,sz.002588,27.8700,27.8700,27.5800,27.7500,27.8100,3969195,109916059.0000,3,1.115624,1,-0.215700,26.087515,2.295899,-17.522591,4.446660,0
2016-04-18,sz.002588,27.6600,27.6600,26.8000,26.8800,27.7500,6392649,172338741.0000,3,1.796786,1,-3.135100,24.349847,2.296857,-19.461189,4.137342,0
2016-04-19,sz.002588,27.0000,27.3500,26.5500,26.8600,26.8800,4600333,123518192.0000,3,1.293019,1,-0.074400,24.331729,2.295148,-19.446709,4.134264,0
2016-04-20,sz.002588,26.8000,27.0100,24.8600,25.2400,26.8600,6643839,171878533.0000,3,1.867388,1,-6.031300,22.864216,2.156721,-18.273825,3.884915,0
2016-04-21,sz.002588,25.3000,25.4700,25.0000,25.0100,25.2400,3353436,84567467.0000,3,0.942553,1,-0.911300,22.655866,2.137068,-18.107304,3.849514,0
2016-04-22,sz.002588,25.0000,25.2500,24.7200,25.1900,25.0100,2407440,60165100.0000,3,0.676661,1,0.719700,22.818923,2.152449,-18.237625,3.877219,0
2016-04-25,sz.002588,25.1800,25.1800,24.5800,24.9300,25.1900,3146169,78079338.0000,3,0.884296,1,-1.032200,22.583396,2.130232,-18.049384,3.837200,0
2016-04-26,sz.002588,24.9300,25.2900,24.8700,25.2900,24.9300,2247173,56269656.0000,3,0.631614,1,1.444000,22.909510,2.160994,-18.310025,3.892611,0
2016-04-27,sz.002588,25.3300,25.5500,24.9600,25.0400,25.2900,3135807,79174963.0000,3,0.881383,1,-0.988500,22.683042,2.139632,-18.129024,3.854132,0
2016-04-28,sz.002588,25.0400,25.2900,24.8100,25.2600,25.0400,2120813,53163087.0000,3,0.596098,1,0.878600,22.882334,2.158430,-18.288305,3.887994,0
2016-04-29,sz.002588,25.1500,25.2600,24.8700,24.9200,25.2600,3381410,84608895.0000,3,0.950415,1,-1.346000,22.574337,2.129378,-18.042144,3.835661,0
2016-05-03,sz.002588,24.6700,25.4900,24.6700,25.4600,24.9200,4682704,117983540.0000,3,1.316171,1,2.166900,23.063508,2.175520,-18.433105,3.918778,0
2016-05-04,sz.002588,25.4000,26.0400,25.2900,25.8400,25.4600,5109607,130957836.0000,3,1.436161,1,1.492500,23.407740,2.207990,-18.708226,3.977267,0
2016-05-05,sz.002588,25.5300,25.9900,25.5000,25.9100,25.8400,3772678,96976928.0000,3,1.060389,1,0.270900,23.471151,2.213972,-18.758907,3.988041,0
2016-05-06,sz.002588,25.8100,26.0900,25.0900,25.1900,25.9100,4190545,107302645.0000,3,1.177839,1,-2.778800,22.818923,2.152449,-18.237625,3.877219,0
2016-05-09,sz.002588,25.1500,25.1500,24.2400,24.4000,25.1900,2882908,70994030.0000,3,0.810301,1,-3.136200,22.103284,2.084945,-17.665663,3.755623,0
2016-05-10,sz.002588,24.3900,24.6500,24.3400,24.4000,24.4000,1624100,39692528.0000,3,0.456487,1,0.000000,22.103284,2.084945,-17.665663,3.755623,0
2016-05-11,sz.002588,24.6400,24.8900,24.3900,24.7300,24.4000,2268104,55942123.0000,3,0.637498,1,1.352500,22.402221,2.113143,-17.904583,3.806417,0
2016-05-12,sz.002588,24.4000,24.7700,24.0000,24.6400,24.7300,2487140,60855657.0000,3,0.699062,1,-0.363900,22.320693,2.105452,-17.839423,3.792564,0
2016-05-13,sz.002588,24.5800,24.9000,24.4300,24.6500,24.6400,2488903,61387193.0000,3,0.699558,1,0.040600,22.329752,2.106307,-17.846663,3.794103,0
2016-05-16,sz.002588,24.5900,25.4600,24.5000,25.3900,24.6500,3890497,97888591.0000,3,1.093505,1,3.002000,23.000097,2.169539,-18.382425,3.908003,0
2016-05-17,sz.002588,25.2600,25.4900,25.1100,25.3000,25.3900,2366067,59844358.0000,3,0.665032,1,-0.354500,22.918569,2.161848,-18.317265,3.894150,0
2016-05-18,sz.002588,25.1700,25.1700,24.2900,24.5800,25.3000,2663844,65554163.0000,3,0.748729,1,-2.845800,22.266341,2.100325,-17.795983,3.783329,0
2016-05-19,sz.002588,24.5800,24.8700,24.3600,24.4600,24.5800,1974380,48639363.0000,3,0.554940,1,-0.488200,22.157636,2.090071,-17.709103,3.764859,0
2016-05-20,sz.002588,24.3700,24.5900,24.1800,24.5800,24.4600,1503431,36683018.0000,3,0.422570,1,0.490600,22.266341,2.100325,-17.795983,3.783329,0
2016-05-23,sz.002588,24.6000,24.9500,24.4800,24.7000,24.5800,2304401,56999229.0000,3,0.647700,1,0.488200,22.375045,2.110579,-17.882863,3.801799,0
2016-05-24,sz.002588,24.9600,25.1000,24.6200,24.9400,24.7000,3220911,79985117.0000,3,0.905304,1,0.971700,22.592455,2.131087,-18.056624,3.838740,0
2016-05-25,sz.002588,24.9400,25.1900,24.8200,24.9400,24.9400,2856806,71498934.0000,3,0.802964,1,0.000000,22.592455,2.131087,-18.056624,3.838740,0
2016-05-26,sz.002588,24.8600,24.9600,24.1900,24.6100,24.9400,2904008,70946332.0000,3,0.816232,1,-1.323200,22.293517,2.102889,-17.817703,3.787946,0
2016-05-27,sz.002588,24.6000,24.6000,24.3000,24.3800,24.6100,2499594,60998454.0000,3,0.702563,1,-0.934600,22.085166,2.083236,-17.651183,3.752545,0
2016-05-30,sz.002588,24.3700,24.3700,24.0500,24.0900,24.3800,2491572,60263840.0000,3,0.700308,1,-1.189500,21.822463,2.058455,-17.441222,3.707908,0
2016-05-31,sz.002588,12.0000,12.3200,11.9500,12.3100,11.9500,9437984,115144346.0000,3,1.326370,1,3.012600,22.302575,2.103743,-17.824943,3.789486,0
2016-06-01,sz.002588,12.3300,12.3800,12.1900,12.2300,12.3100,7368897,90296232.0000,3,1.035591,1,-0.649900,22.157636,2.090071,-17.709103,3.764859,0
2016-06-02,sz.002588,12.2300,12.2600,11.9700,12.1200,12.2300,10098238,121969985.0000,3,1.419159,1,-0.899400,21.958344,2.071273,-17.549822,3.730996,0
2016-06-03,sz.002588,12.1300,12.3200,12.0600,12.3100,12.1200,11601662,141573233.0000,3,1.630444,1,1.567700,22.302575,2.103743,-17.824943,3.789486,0
2016-06-06,sz.002588,12.3500,12.5700,12.2800,12.4800,12.3100,11615818,144181740.0000,3,1.632433,1,1.381000,22.610572,2.132796,-18.071104,3.841818,0
2016-06-07,sz.002588,12.4500,12.4500,12.2800,12.3200,12.4800,6149337,75860706.0000,3,0.864199,1,-1.282100,22.320693,2.105452,-17.839423,3.792564,0
2016-06-08,sz.002588,12.3000,12.3000,12.0800,12.1500,12.3200,7277133,88472275.0000,3,1.022694,1,-1.379900,22.012696,2.076400,-17.593262,3.740231,0
2016-06-13,sz.002588,12.0000,12.0000,11.6200,11.6600,12.1500,7781009,91808549.0000,3,1.093507,1,-4.032900,21.124942,1.992660,-16.883740,3.589391,0
2016-06-14,sz.002588,11.5800,11.7300,11.4900,11.6300,11.6600,4273678,49652016.0000,3,0.600603,1,-0.257300,21.070589,1.987533,-16.840300,3.580156,0
2016-06-15,sz.002588,11.5100,11.8500,11.4600,11.7600,11.6300,8274205,97113224.0000,3,1.162818,1,1.117800,21.306116,2.009750,-17.028540,3.620175,0
2016-06-16,sz.002588,11.7300,11.7900,11.5000,11.5400,11.7600,6717571,78081413.0000,3,0.944056,1,-1.870800,20.907532,1.972152,-16.709979,3.552450,0
2016-06-17,sz.002588,11.5800,11.8000,11.5700,11.7500,11.5400,6667764,78068828.0000,3,0.937057,1,1.819800,21.287999,2.008041,-17.014060,3.617096,0
2016-06-20,sz.002588,11.7500,12.8600,11.6600,12.6400,11.7500,22929086,285262544.0000,3,3.222347,1,7.574500,22.900451,2.160139,-18.302785,3.891072,0
2016-06-21,sz.002588,12.6900,13.1400,12.5500,12.6700,12.6400,19177841,247427512.0000,3,2.695165,1,0.237300,22.954804,2.165266,-18.346225,3.900307,0
2016-06-22,sz.002588,12.7000,12.9100,12.5700,12.7800,12.6700,11832178,151241819.0000,3,1.662839,1,0.868200,23.154095,2.184065,-18.505506,3.934169,0
2016-06-23,sz.002588,12.7300,13.0500,12.5000,12.8200,12.7800,11024087,141647008.0000,3,1.549274,1,0.313000,23.226565,2.190901,-18.563426,3.946483,0
2016-06-24,sz.002588,12.8000,12.9800,12.0000,12.3700,12.8200,11793370,147987947.0000,3,1.657385,1,-3.510100,22.411280,2.113997,-17.911823,3.807956,0
2016-06-27,sz.002588,12.2300,12.5200,11.9800,12.4400,12.3700,12218381,150147745.0000,3,1.717114,1,0.565900,22.538102,2.125960,-18.013184,3.829504,0
2016-06-28,sz.002588,12.4000,12.6400,12.2800,12.5400,12.4400,7353050,91928734.0000,3,1.033363,1,0.803900,22.719277,2.143050,-18.157984,3.860288,0
2016-06-29,sz.002588,12.5600,12.6800,12.3500,12.4100,12.5400,7470455,93019547.0000,3,1.049863,1,-1.036700,22.483750,2.120833,-17.969744,3.820269,0
2016-06-30,sz.002588,12.4100,12.4700,12.2100,12.3500,12.4100,6890815,84926250.0000,3,0.968675,1,-0.483500,22.375045,2.110579,-17.882863,3.801799,0
2016-07-01,sz.002588,12.3900,12.4600,12.3200,12.4000,12.3500,5488416,68080424.0000,3,0.771533,1,0.404900,22.465632,2.119124,-17.955264,3.817191,0
2016-07-04,sz.002588,12.4100,12.6900,12.3500,12.5800,12.4000,10843346,136497406.0000,3,1.524302,1,1.451600,22.791746,2.149885,-18.215905,3.872602,0
2016-07-05,sz.002588,12.5900,13.0400,12.5000,12.9800,12.5800,17527729,225326002.0000,3,2.463958,1,3.179600,23.516444,2.218244,-18.795107,3.995737,0
2016-07-06,sz.002588,12.9000,12.9200,12.7000,12.8600,12.9800,8167447,104456933.0000,3,1.148138,1,-0.924500,23.299035,2.197737,-18.621346,3.958796,0
2016-07-07,sz.002588,12.8800,12.8800,12.7000,12.7900,12.8600,7504411,95950342.0000,3,1.054932,1,-0.544300,23.172213,2.185774,-18.519986,3.937248,0
2016-07-08,sz.002588,12.8000,12.9400,12.7400,12.8500,12.7900,4884285,62633194.0000,3,0.686608,1,0.469100,23.280918,2.196028,-18.606866,3.955718,0
2016-07-11,sz.002588,12.8000,12.9400,12.5000,12.7100,12.8500,7959098,102277976.0000,3,1.118849,1,-1.089500,23.027273,2.172102,-18.404145,3.912621,0
2016-07-12,sz.002588,12.7100,12.8400,12.5500,12.8200,12.7100,8401895,106536063.0000,3,1.181095,1,0.865500,23.226565,2.190901,-18.563426,3.946483,0
2016-07-13,sz.002588,12.9200,14.1000,12.8800,14.1000,12.8200,41637094,576945392.0000,3,5.853129,1,9.984400,25.545598,2.409649,-20.416872,4.340516,0
2016-07-14,sz.002588,14.1300,14.1300,13.5600,13.6000,14.1000,29601647,407357552.0000,3,4.161247,1,-3.546100,24.639726,2.324200,-19.692870,4.186597,0
2016-07-15,sz.002588,13.7000,14.0900,13.4100,13.8200,13.6000,25919545,356314080.0000,3,3.643636,1,1.617600,25.038310,2.361798,-20.011431,4.254321,0
2016-07-18,sz.002588,13.6800,13.9500,13.6000,13.8100,13.8200,13592880,187167059.0000,3,1.910817,1,-0.072400,25.020192,2.360089,-19.996951,4.251243,0
2016-07-19,sz.002588,13.7100,13.7800,13.4800,13.5300,13.8100,14050096,190912130.0000,3,1.975090,1,-2.027500,24.512904,2.312238,-19.591509,4.165048,0
2016-07-20,sz.002588,13.5500,13.6800,13.4700,13.5500,13.5300,6512459,88287043.0000,3,0.915488,1,0.147800,24.549139,2.315656,-19.620470,4.171205,0
2016-07-21,sz.002588,13.6000,14.0800,13.5900,13.7400,13.5500,15887524,220007949.0000,3,2.233387,1,1.402200,24.893370,2.348126,-19.895591,4.229694,0
2016-07-22,sz.002588,13.7500,13.7800,13.5400,13.5500,13.7400,6616946,89907105.0000,3,0.930176,1,-1.382800,24.549139,2.315656,-19.620470,4.171205,0
2016-07-25,sz.002588,13.5500,13.5600,13.3100,13.4600,13.5500,6765202,90842390.0000,3,0.951017,1,-0.664200,24.386082,2.300275,-19.490149,4.143499,0
2016-07-26,sz.002588,13.4300,13.8000,13.3600,13.7700,13.4600,7714751,105205522.0000,3,1.084500,1,2.303100,24.947723,2.353253,-19.939031,4.238929,0
2016-07-27,sz.002588,13.7300,13.7700,12.8800,13.2300,13.7700,11148678,148753962.0000,3,1.567224,1,-3.921600,23.969380,2.260969,-19.157108,4.072697,0
2016-07-28,sz.002588,13.2300,13.4900,13.2100,13.3800,13.2300,7633817,101867699.0000,3,1.073123,1,1.133800,24.241142,2.286603,-19.374309,4.118872,0
2016-07-29,sz.002588,13.3800,13.3800,13.0500,13.0600,13.3800,7466156,98384980.0000,3,1.049554,1,-2.391600,23.661384,2.231916,-18.910947,4.020364,0
2016-08-01,sz.002588,13.0600,13.1500,12.7900,12.8600,13.0600,5234018,67696997.0000,3,0.735771,1,-1.531400,23.299035,2.197737,-18.621346,3.958796,0
2016-08-02,sz.002588,12.9500,13.1200,12.8600,13.0000,12.8600,6167075,80015047.0000,3,0.866936,1,1.088600,22.599729,2.251269,-25.036068,3.891209,0
2016-08-03,sz.002588,12.9300,13.0900,12.9100,13.0200,13.0000,3872288,50372449.0000,3,0.544346,1,0.153800,22.634498,2.254732,-25.074585,3.897195,0
2016-08-04,sz.002588,13.0300,13.1200,12.7200,12.9200,13.0200,8658689,111340313.0000,3,1.217194,1,-0.768100,22.460654,2.237415,-24.882000,3.867263,0
2016-08-05,sz.002588,12.8600,12.9200,12.7800,12.8500,12.9200,5012014,64383842.0000,3,0.704563,1,-0.541800,22.338963,2.225292,-24.747191,3.846310,0
2016-08-08,sz.002588,12.7500,12.9000,12.6900,12.8600,12.8500,7772912,99396704.0000,3,1.092676,1,0.077800,22.356348,2.227024,-24.766449,3.849304,0
2016-08-09,sz.002588,12.8400,13.0500,12.7800,13.0400,12.8600,8723420,113005354.0000,3,1.226294,1,1.399700,22.669267,2.258196,-25.113102,3.903182,0
2016-08-10,sz.002588,13.0500,13.0500,12.9200,12.9300,13.0400,5382129,69762044.0000,3,0.756592,1,-0.843600,22.478038,2.239146,-24.901259,3.870256,0
2016-08-11,sz.002588,12.9100,12.9100,12.7000,12.7700,12.9300,5909096,75520349.0000,3,0.830670,1,-1.237400,22.199888,2.211438,-24.593123,3.822365,0
2016-08-12,sz.002588,12.7500,12.8800,12.7000,12.8500,12.7700,7412689,94562370.0000,3,1.042038,1,0.626500,22.338963,2.225292,-24.747191,3.846310,0
2016-08-15,sz.002588,12.8600,13.1900,12.8200,13.1800,12.8500,10657184,139182298.0000,3,1.498132,1,2.568100,22.912649,2.282440,-25.382722,3.945087,0
2016-08-16,sz.002588,13.1500,13.2900,13.0600,13.1800,13.1800,6421206,84597710.0000,3,0.902660,1,0.000000,22.912649,2.282440,-25.382722,3.945087,0
2016-08-17,sz.002588,13.2300,13.3900,13.1200,13.2500,13.1800,5925789,78398263.0000,3,0.833017,1,0.531100,23.034339,2.294562,-25.517531,3.966040,0
2016-08-18,sz.002588,13.2200,13.2500,13.0800,13.1100,13.2500,5593376,73489495.0000,3,0.786288,1,-1.056600,22.790958,2.270318,-25.247912,3.924135,0
2016-08-19,sz.002588,13.0700,13.1400,13.0600,13.1200,13.1100,3779161,49508129.0000,3,0.531255,1,0.076300,22.808342,2.272049,-25.267171,3.927128,0
2016-08-22,sz.002588,13.1300,13.1900,12.8000,12.8200,13.1200,6188149,80140978.0000,3,0.869898,1,-2.286600,22.286810,2.220097,-24.689415,3.837331,0
2016-08-23,sz.002588,12.8200,12.9500,12.7500,12.8700,12.8200,4330964,55692862.0000,3,0.608825,1,0.390000,22.373732,2.228756,-24.785708,3.852297,0
2016-08-24,sz.002588,12.8800,13.0400,12.8400,12.9200,12.8700,3635272,47095384.0000,3,0.511028,1,0.388500,22.460654,2.237415,-24.882000,3.867263,0
2016-08-25,sz.002588,12.8800,12.8800,12.5800,12.7000,12.9200,9556473,121197263.0000,3,1.343400,1,-1.702800,22.078197,2.199316,-24.458313,3.801412,0
2016-08-26,sz.002588,12.7200,12.8500,12.6900,12.7900,12.7000,5471093,69806773.0000,3,0.769098,1,0.708700,22.234657,2.214902,-24.631640,3.828351,0
2016-08-29,sz.002588,12.7200,12.8400,12.7100,12.7900,12.7900,2702854,34575299.0000,3,0.379953,1,0.000000,22.234657,2.214902,-24.631640,3.828351,0
2016-08-30,sz.002588,12.7800,12.8700,12.7000,12.7000,12.7900,6022824,77031048.0000,3,0.846658,1,-0.703700,22.078197,2.199316,-24.458313,3.801412,0
2016-08-31,sz.002588,12.7500,12.7700,12.6000,12.7500,12.7000,6291945,79673348.0000,3,0.884489,1,0.393700,22.165119,2.207975,-24.554606,3.816378,0
2016-09-01,sz.002588,12.7300,12.9800,12.6600,12.9400,12.7500,8281888,106379200.0000,3,1.163627,1,1.490200,22.495423,2.240878,-24.920517,3.873250,0
2016-09-02,sz.002588,12.9600,13.1400,12.8200,12.9500,12.9400,8218911,106890150.0000,3,1.154778,1,0.077300,22.512807,2.242610,-24.939776,3.876243,0
2016-09-05,sz.002588,12.9500,13.0000,12.8400,12.8700,12.9500,4619112,59727409.0000,3,0.648997,1,-0.617760,22.373732,2.228756,-24.785708,3.852297,0
2016-09-06,sz.002588,12.8700,13.0700,12.6500,13.0000,12.8700,6999381,90090342.0000,3,0.983431,1,1.010102,22.599729,2.251269,-25.036068,3.891209,0
2016-09-07,sz.002588,12.9700,13.0500,12.8600,12.8700,13.0000,5154422,66756433.0000,3,0.724210,1,-1.000001,22.373732,2.228756,-24.785708,3.852297,0
2016-09-08,sz.002588,12.8100,12.9800,12.8100,12.9500,12.8700,3225952,41588384.0000,3,0.453255,1,0.621600,22.512807,2.242610,-24.939776,3.876243,0
2016-09-09,sz.002588,12.9700,13.1000,12.8200,12.8200,12.9500,3593083,46390984.0000,3,0.504837,1,-1.003862,22.286810,2.220097,-24.689415,3.837331,0
2016-09-12,sz.002588,12.6100,12.7200,12.4800,12.5600,12.8200,6033902,75823143.0000,3,0.847779,1,-2.028076,21.834815,2.175072,-24.188694,3.759507,0
2016-09-13,sz.002588,12.6000,12.6500,12.4200,12.5100,12.5600,3889283,48688976.0000,3,0.546454,1,-0.398091,21.747893,2.166413,-24.092401,3.744540,0
2016-09-14,sz.002588,12.4200,12.5400,12.3900,12.4100,12.5100,2851156,35476758.0000,3,0.400595,1,-0.799364,21.574049,2.149096,-23.899816,3.714608,0
2016-09-19,sz.002588,12.4400,12.5600,12.4400,12.5500,12.4100,2663853,33350187.0000,3,0.374278,1,1.128125,21.817431,2.173340,-24.169435,3.756513,0
2016-09-20,sz.002588,12.5800,12.5900,12.3800,12.4900,12.5500,3392910,42300668.0000,3,0.476713,1,-0.478091,21.713125,2.162950,-24.053884,3.738554,0
2016-09-21,sz.002588,12.5300,12.5300,12.4000,12.4600,12.4900,2385839,29723823.0000,3,0.335401,1,-0.240190,21.660971,2.157754,-23.996109,3.729574,0
2016-09-22,sz.002588,12.5100,12.5400,12.4600,12.5100,12.4600,2998668,37496647.0000,3,0.421553,1,0.401286,21.729687,2.164599,-24.072232,3.741405,0
2016-09-23,sz.002588,12.5000,12.5400,12.3800,12.3900,12.5100,3212357,39900883.0000,3,0.451593,1,-0.959232,21.521248,2.143836,-23.841323,3.705517,0
2016-09-26,sz.002588,12.4100,12.4100,11.9700,12.0200,12.3900,9772175,118337067.0000,3,1.373773,1,-2.986278,20.878564,2.079815,-23.129354,3.594860,0
2016-09-27,sz.002588,12.0200,12.0900,11.9300,12.0800,12.0200,2779643,33359410.0000,3,0.390762,1,0.499164,20.982783,2.090197,-23.244809,3.612804,0
2016-09-28,sz.002588,12.0800,12.2200,12.0700,12.1000,12.0800,3462573,42041196.0000,3,0.486769,1,0.165567,21.017523,2.093657,-23.283294,3.618785,0
2016-09-29,sz.002588,12.1700,12.1700,12.0600,12.1100,12.1000,2807984,34009669.0000,3,0.394746,1,0.082639,21.034892,2.095388,-23.302536,3.621776,0
2016-09-30,sz.002588,12.1300,12.2300,12.0000,12.2000,12.1100,3257803,39418590.0000,3,0.457982,1,0.743189,21.191221,2.110960,-23.475718,3.648693,0
2016-10-10,sz.002588,12.2300,12.4900,12.2200,12.4700,12.2000,3968903,49238746.0000,3,0.557948,1,2.213119,21.660207,2.157678,-23.995262,3.729443,0
2016-10-11,sz.002588,12.4100,12.4900,12.4000,12.4700,12.4700,3510978,43698476.0000,3,0.493573,1,0.000000,21.660207,2.157678,-23.995262,3.729443,0
2016-10-12,sz.002588,12.3200,12.4000,11.9800,12.1500,12.4700,26293128,317292048.0000,3,3.696288,1,-2.566164,21.104372,2.102309,-23.379506,3.633739,0
2016-10-13,sz.002588,11.9400,11.9400,11.7000,11.7900,12.1500,27291402,321375072.0000,3,3.836626,1,-2.962960,20.479057,2.040018,-22.686779,3.526073,0
2016-10-14,sz.002588,11.7700,11.8300,11.6800,11.7400,11.7900,13981411,164309643.0000,3,1.965507,1,-0.424090,20.392208,2.031367,-22.590568,3.511119,0
2016-10-17,sz.002588,11.7700,11.8000,11.6500,11.7000,11.7400,12443158,145773673.0000,3,1.749259,1,-0.340715,20.322728,2.024445,-22.513598,3.499156,0
2016-10-18,sz.002588,11.7000,11.7800,11.6200,11.7700,11.7000,16721283,195513213.0000,3,2.350678,1,0.598296,20.444317,2.036558,-22.648295,3.520091,0
2016-10-19,sz.002588,11.7800,11.8000,11.6900,11.7100,11.7700,11755982,137766533.0000,3,1.652656,1,-0.509774,20.340098,2.026176,-22.532840,3.502147,0
2016-10-20,sz.002588,11.7100,11.7600,11.6300,11.7400,11.7100,11615033,135680158.0000,3,1.632842,1,0.256189,20.392208,2.031367,-22.590568,3.511119,0
2016-10-21,sz.002588,11.7200,11.7900,11.6600,11.7100,11.7400,10196107,119578784.0000,3,1.433369,1,-0.255534,25.139072,2.468981,-37.623011,3.432613,0
2016-10-24,sz.002588,11.7100,11.7500,11.6500,11.7100,11.7100,10570209,123697224.0000,3,1.485960,1,0.000000,25.139072,2.468981,-37.623011,3.432613,0
2016-10-25,sz.002588,11.7200,11.8300,11.7000,11.8200,11.7100,13604596,160315594.0000,3,1.912534,1,0.939365,25.375220,2.492173,-37.976430,3.464858,0
2016-10-26,sz.002588,11.8200,11.8200,11.6900,11.7500,11.8200,10278136,120543889.0000,3,1.444901,1,-0.592214,25.224944,2.477414,-37.751527,3.444339,0
2016-10-27,sz.002588,11.7500,11.7500,11.6700,11.7300,11.7500,8271798,96693014.0000,3,1.162850,1,-0.170217,25.182008,2.473198,-37.687269,3.438476,0
2016-10-28,sz.002588,11.7000,11.7500,11.6700,11.6700,11.7300,6494103,75969036.0000,3,0.912941,1,-0.511504,25.053200,2.460547,-37.494496,3.420888,0
2016-10-31,sz.002588,11.6700,11.6900,11.4900,11.5300,11.6700,10567124,121898705.0000,3,1.485527,1,-1.199660,24.752647,2.431029,-37.044690,3.379849,0
2016-11-01,sz.002588,11.5100,11.5900,11.5100,11.5900,11.5300,6063321,70022700.0000,3,0.852382,1,0.520385,24.881455,2.443679,-37.237464,3.397437,0
2016-11-02,sz.002588,11.5500,11.5700,11.4900,11.5100,11.5900,7248427,83497141.0000,3,1.018984,1,-0.690250,24.709711,2.426812,-36.980432,3.373986,0
2016-11-03,sz.002588,11.4700,11.5900,11.4600,11.5400,11.5100,7277535,83947702.0000,3,1.023076,1,0.260641,24.774115,2.433137,-37.076819,3.382780,0
2016-11-04,sz.002588,11.5200,11.5900,11.4900,11.5300,11.5400,6064560,70000520.0000,3,0.852556,1,-0.086657,24.752647,2.431029,-37.044690,3.379849,0
2016-11-07,sz.002588,11.5500,11.5500,11.4200,11.4400,11.5300,7603763,87137581.0000,3,1.068937,1,-0.780574,24.559435,2.412053,-36.755530,3.353467,0
2016-11-08,sz.002588,11.4800,11.5100,11.4200,11.4700,11.4400,8889623,101795168.0000,3,1.249703,1,0.262244,24.623839,2.418378,-36.851916,3.362261,0
2016-11-09,sz.002588,11.4700,11.4800,11.1900,11.3000,11.4700,9847305,111761438.0000,3,1.384334,1,-1.482128,24.258882,2.382535,-36.305724,3.312428,0
2016-11-10,sz.002588,11.3400,11.4800,11.3200,11.4500,11.3000,13592110,154614693.0000,3,1.910779,1,1.327430,24.580903,2.414161,-36.787658,3.356398,0
2016-11-11,sz.002588,11.4500,11.7800,11.4200,11.7200,11.4500,27972540,326779008.0000,3,3.932380,1,2.358083,25.160540,2.471089,-37.655140,3.435544,0
2016-11-14,sz.002588,11.6900,11.8000,11.6200,11.7200,11.7200,15985178,187167257.0000,3,2.247197,1,0.000000,25.160540,2.471089,-37.655140,3.435544,0
2016-11-15,sz.002588,11.7000,11.8500,11.6200,11.8000,11.7200,16110417,189808539.0000,3,2.264803,1,0.682593,25.332284,2.487957,-37.912172,3.458995,0
2016-11-16,sz.002588,11.7800,12.1700,11.7700,11.9500,11.8000,24092529,288751888.0000,3,3.386928,1,1.271183,25.654305,2.519583,-38.394106,3.502966,0
2016-11-17,sz.002588,11.9000,11.9000,11.7600,11.8300,11.9500,8231799,97253282.0000,3,1.157226,1,-1.004183,25.396688,2.494282,-38.008559,3.467789,0
2016-11-18,sz.002588,11.8300,11.8300,11.7100,11.7300,11.8300,6765857,79476610.0000,3,0.951144,1,-0.845312,25.182008,2.473198,-37.687269,3.438476,0
2016-11-21,sz.002588,11.7300,11.8000,11.5200,11.5800,11.7300,13513814,157150073.0000,3,1.899772,1,-1.278769,24.859987,2.441571,-37.205335,3.394506,0
2016-11-22,sz.002588,11.5700,11.6900,11.5700,11.6800,11.5800,10683068,124255270.0000,3,1.501826,1,0.863561,25.074668,2.462655,-37.526625,3.423819,0
2016-11-23,sz.002588,11.6900,11.7300,11.6100,11.6300,11.6800,7829535,91229752.0000,3,1.100676,1,-0.428084,24.967327,2.452113,-37.365980,3.409162,0
2016-11-24,sz.002588,11.6300,11.9700,11.6100,11.8900,11.6300,18848409,223148509.0000,3,2.649710,1,2.235600,25.525496,2.506933,-38.201333,3.485377,0
2016-11-25,sz.002588,11.9000,11.9200,11.6500,11.8200,11.8900,12690370,149743214.0000,3,1.784012,1,-0.588735,25.375220,2.492173,-37.976430,3.464858,0
2016-11-28,sz.002588,11.8600,11.9100,11.7500,11.8600,11.8200,10226799,120931203.0000,3,1.437684,1,0.338409,25.461092,2.500607,-38.104946,3.476583,0
2016-11-29,sz.002588,11.8600,11.8900,11.6700,11.6900,11.8600,10713068,126089562.0000,3,1.506043,1,-1.433390,25.096136,2.464764,-37.558753,3.426750,0
2016-11-30,sz.002588,11.6900,11.7400,11.5900,11.6200,11.6900,8219170,95688110.0000,3,1.155451,1,-0.598800,24.945859,2.450005,-37.333851,3.406231,0
2016-12-01,sz.002588,11.6100,11.6700,11.6000,11.6600,11.6200,6360991,73949711.0000,3,0.894228,1,0.344234,25.031731,2.458438,-37.462367,3.417956,0
2016-12-02,sz.002588,11.6300,11.7500,11.5900,11.6000,11.6600,7046318,82026909.0000,3,0.990572,1,-0.514575,24.902923,2.445788,-37.269593,3.400368,0
2016-12-05,sz.002588,11.5400,11.6100,11.4500,11.4600,11.6000,6902330,79446308.0000,3,0.970330,1,-1.206899,24.602371,2.416270,-36.819787,3.359329,0
2016-12-06,sz.002588,11.4700,11.5400,11.3600,11.4000,11.4600,6444154,73596116.0000,3,0.905919,1,-0.523564,24.473563,2.403619,-36.627014,3.341741,0
2016-12-07,sz.002588,11.4000,11.5100,11.3100,11.5000,11.4000,5469704,62394601.0000,3,0.768931,1,0.877196,24.688243,2.424703,-36.948303,3.371055,0
2016-12-08,sz.002588,11.5000,11.5000,11.4100,11.4200,11.5000,3404001,39009544.0000,3,0.478535,1,-0.695651,24.516499,2.407836,-36.691272,3.347604,0
2016-12-09,sz.002588,11.4100,11.5100,11.3800,11.4000,11.4200,4474621,51166106.0000,3,0.629042,1,-0.175135,24.473563,2.403619,-36.627014,3.341741,0
2016-12-12,sz.002588,11.5100,11.7300,11.1500,11.1600,11.4000,19487710,224151805.0000,3,2.739583,1,-2.105261,23.958330,2.353017,-35.855919,3.271389,0
2016-12-13,sz.002588,11.1000,11.6000,10.6000,11.4900,11.1600,14959617,168688812.0000,3,2.103023,1,2.956989,24.666775,2.422595,-36.916174,3.368123,0
2016-12-14,sz.002588,11.5000,12.1900,11.4600,12.0000,11.4900,43149256,515759360.0000,3,6.065923,1,4.438644,25.761645,2.530125,-38.554751,3.517622,0
2016-12-15,sz.002588,11.9000,12.1800,11.7100,12.0900,12.0000,21784943,260464264.0000,3,3.062528,1,0.750001,25.954857,2.549101,-38.843912,3.544004,0
2016-12-16,sz.002588,11.9800,12.1500,11.9100,11.9800,12.0900,14755801,177248157.0000,3,2.074371,1,-0.909848,25.718709,2.525908,-38.490493,3.511760,0
2016-12-19,sz.002588,11.9800,12.4200,11.9300,12.3000,11.9800,26342167,322197680.0000,3,3.703182,1,2.671124,26.405686,2.593378,-39.518620,3.605563,0
2016-12-20,sz.002588,12.2300,12.3000,11.9100,12.0500,12.3000,13475937,162521078.0000,3,1.894447,1,-2.032520,25.868985,2.540668,-38.715396,3.532279,0
2016-12-21,sz.002588,12.0600,12.4700,11.9400,12.0800,12.0500,15727121,191350548.0000,3,2.210919,1,0.248960,25.933389,2.546993,-38.811783,3.541073,0
2016-12-22,sz.002588,12.0800,12.2900,11.9400,12.1600,12.0800,12497324,151711540.0000,3,1.756874,1,0.662251,26.105133,2.563860,-39.068815,3.564524,0
2016-12-23,sz.002588,12.1100,12.2900,11.9800,12.0400,12.1600,10433789,126492891.0000,3,1.466782,1,-0.986841,25.847517,2.538559,-38.683267,3.529348,0
2016-12-26,sz.002588,12.0000,12.0600,11.7300,11.9200,12.0400,10501172,124645877.0000,3,1.476255,1,-0.996677,25.589900,2.513258,-38.297720,3.494172,0
2016-12-27,sz.002588,11.9200,12.0600,11.8400,11.9200,11.9200,7387923,88123283.0000,3,1.038594,1,0.000000,25.589900,2.513258,-38.297720,3.494172,0
2016-12-28,sz.002588,11.9800,11.9800,11.7500,11.8300,11.9200,8609545,101974785.0000,3,1.210330,1,-0.755035,25.396688,2.494282,-38.008559,3.467789,0
2016-12-29,sz.002588,11.8400,11.8400,11.5700,11.6300,11.8300,7192557,84238484.0000,3,1.011130,1,-1.690616,24.967327,2.452113,-37.365980,3.409162,0
2016-12-30,sz.002588,11.6400,11.6800,11.3000,11.3500,11.6300,10759394,122983830.0000,3,1.512556,1,-2.407564,24.366222,2.393077,-36.466369,3.327084,0
2017-01-03,sz.002588,11.3700,11.5800,11.3200,11.4700,11.3500,7385169,84670127.0000,3,1.037857,1,1.057268,24.623839,2.418378,-36.851916,3.362261,0
2017-01-04,sz.002588,11.4800,11.9100,11.4000,11.8300,11.4700,14691272,171541087.0000,3,2.064603,1,3.138619,25.396688,2.494282,-38.008559,3.467789,0
2017-01-05,sz.002588,11.8200,11.8400,11.7200,11.7200,11.8300,5784078,68129882.0000,3,0.812852,1,-0.929836,25.160540,2.471089,-37.655140,3.435544,0
2017-01-06,sz.002588,11.7000,11.8000,11.6100,11.7400,11.7200,4174465,48821473.0000,3,0.586648,1,0.170644,25.203476,2.475306,-37.719398,3.441407,0
2017-01-09,sz.002588,11.7300,11.7800,11.4900,11.7800,11.7400,8354200,97004127.0000,3,1.174037,1,0.340715,25.289348,2.483740,-37.847914,3.453133,0
2017-01-10,sz.002588,11.7800,11.9000,11.7200,11.8000,11.7800,6580142,77699242.0000,3,0.924724,1,0.169783,25.332284,2.487957,-37.912172,3.458995,0
2017-01-11,sz.002588,11.8000,11.8000,11.5500,11.5700,11.8000,5172150,60163968.0000,3,0.726856,1,-1.949157,24.838519,2.439463,-37.173206,3.391574,0
2017-01-12,sz.002588,11.5500,11.5600,11.2500,11.2700,11.5700,8856728,100738640.0000,3,1.244659,1,-2.592906,24.194478,2.376209,-36.209337,3.303634,0
2017-01-13,sz.002588,11.2700,11.3900,11.2100,11.2500,11.2700,4664692,52707492.0000,3,0.655541,1,-0.177466,24.151542,2.371993,-36.145079,3.297771,0
2017-01-16,sz.002588,11.2500,11.3200,10.1800,10.7900,11.2500,7475022,81253881.0000,3,1.050484,1,-4.088889,23.164012,2.275004,-34.667147,3.162929,0
2017-01-17,sz.002588,10.6800,10.9400,10.5000,10.8300,10.7900,3744780,40143973.0000,3,0.526264,1,0.370713,23.249884,2.283438,-34.795663,3.174654,0
2017-01-18,sz.002588,10.8300,10.8300,10.6900,10.7100,10.8300,2356183,25332179.0000,3,0.331121,1,-1.108032,22.992268,2.258137,-34.410115,3.139478,0
2017-01-19,sz.002588,10.6300,10.6700,10.5000,10.5700,10.7100,4313716,45573868.0000,3,0.606218,1,-1.307193,22.691715,2.228619,-33.960310,3.098439,0
2017-01-20,sz.002588,10.5600,10.7100,10.4900,10.7100,10.5700,3661342,38942921.0000,3,0.514538,1,1.324507,22.992268,2.258137,-34.410115,3.139478,0
2017-01-23,sz.002588,10.7100,10.9000,10.6100,10.8600,10.7100,4617350,49973978.0000,3,0.648888,1,1.400557,23.314288,2.289763,-34.892050,3.183448,0
2017-01-24,sz.002588,10.8800,10.9000,10.7500,10.8200,10.8600,3701243,40027700.0000,3,0.520145,1,-0.368324,23.228416,2.281330,-34.763534,3.171723,0
2017-01-25,sz.002588,10.7600,10.9500,10.7600,10.9500,10.8200,2604599,28224446.0000,3,0.366031,1,1.201480,23.507501,2.308739,-35.181210,3.209830,0
2017-01-26,sz.002588,10.9600,11.0800,10.9100,11.0000,10.9500,3132015,34518421.0000,3,0.440150,1,0.456623,23.614841,2.319282,-35.341855,3.224487,0
2017-02-03,sz.002588,11.0800,11.0800,10.8100,10.9800,11.0000,2917439,31934108.0000,3,0.409995,1,-0.181822,23.571905,2.315065,-35.277597,3.218624,0
2017-02-06,sz.002588,11.0000,11.2800,11.0000,11.1500,10.9800,4517058,50323763.0000,3,0.634794,1,1.548270,23.936862,2.350908,-35.823790,3.268457,0
2017-02-07,sz.002588,11.2000,11.2100,10.9100,11.0100,11.1500,6853620,75471874.0000,3,0.963157,1,-1.255600,23.636309,2.321390,-35.373984,3.227418,0
2017-02-08,sz.002588,11.0400,11.0400,10.8500,10.9500,11.0100,6791168,74085717.0000,3,0.954381,1,-0.544963,23.507501,2.308739,-35.181210,3.209830,0
2017-02-09,sz.002588,10.9500,11.0700,10.9000,11.0000,10.9500,6132931,67410306.0000,3,0.861877,1,0.456623,23.614841,2.319282,-35.341855,3.224487,0
2017-02-10,sz.002588,11.0200,11.0500,10.9500,11.0100,11.0000,4450772,48934838.0000,3,0.625479,1,0.090911,23.636309,2.321390,-35.373984,3.227418,0
2017-02-13,sz.002588,11.0000,11.0500,10.9200,11.0400,11.0100,4730179,52085974.0000,3,0.664744,1,0.272477,23.700713,2.327715,-35.470371,3.236213,0
2017-02-14,sz.002588,11.0000,11.0500,10.9200,10.9400,11.0400,5302741,58095388.0000,3,0.745208,1,-0.905801,23.486033,2.306631,-35.149082,3.206899,0
2017-02-15,sz.002588,10.9500,10.9800,10.8700,10.9000,10.9400,5435442,59417324.0000,3,0.763857,1,-0.365630,23.400161,2.298197,-35.020566,3.195174,0
2017-02-16,sz.002588,10.8200,10.9300,10.8200,10.9100,10.9000,4119521,44777123.0000,3,0.578927,1,0.091745,23.421629,2.300306,-35.052695,3.198105,0
2017-02-17,sz.002588,10.9100,10.9200,10.6500,10.6900,10.9100,7021539,75588805.0000,3,0.986755,1,-2.016501,22.949332,2.253920,-34.345858,3.133615,0
2017-02-20,sz.002588,10.6900,10.8400,10.6900,10.8400,10.6900,6812624,73172641.0000,3,0.957396,1,1.403186,23.271352,2.285547,-34.827792,3.177586,0
2017-02-21,sz.002588,10.8800,10.9100,10.8300,10.9000,10.8400,6111814,66426589.0000,3,0.858909,1,0.553501,23.400161,2.298197,-35.020566,3.195174,0
2017-02-22,sz.002588,10.8500,10.9600,10.8500,10.9600,10.9000,5094961,55579852.0000,3,0.716008,1,0.550463,23.528969,2.310848,-35.213339,3.212762,0
2017-02-23,sz.002588,10.9700,10.9700,10.7600,10.8300,10.9600,7124149,77228905.0000,3,1.001175,1,-1.186132,23.249884,2.283438,-34.795663,3.174654,0
2017-02-24,sz.002588,10.8300,10.8600,10.7400,10.8100,10.8300,7616583,82200697.0000,3,1.070378,1,-0.184668,23.206948,2.279221,-34.731405,3.168791,0
2017-02-27,sz.002588,10.8100,10.8600,10.7800,10.8300,10.8100,5559426,60157495.0000,3,0.781281,1,0.185009,23.249884,2.283438,-34.795663,3.174654,0
2017-02-28,sz.002588,10.8200,10.8200,10.6300,10.7300,10.8300,8467811,90629394.0000,3,1.190004,1,-0.923365,24.385001,2.003902,-34.474373,3.145341,0
2017-03-01,sz.002588,10.7300,10.7600,10.6000,10.6900,10.7300,5118401,54758347.0000,3,0.719302,1,-0.372786,24.294097,1.996432,-34.345858,3.133615,0
2017-03-02,sz.002588,10.6800,10.7300,10.6200,10.7000,10.6900,4790673,51170723.0000,3,0.673246,1,0.093548,24.316823,1.998300,-34.377987,3.136547,0
2017-03-03,sz.002588,10.6700,10.7300,10.6100,10.7200,10.7000,4207408,44918311.0000,3,0.591278,1,0.186920,24.362275,2.002035,-34.442244,3.142409,0
2017-03-06,sz.002588,10.7200,10.8800,10.6700,10.8700,10.7200,6029657,65051358.0000,3,0.847363,1,1.399250,24.703165,2.030048,-34.924179,3.186380,0
2017-03-07,sz.002588,10.8700,10.9200,10.7600,10.8200,10.8700,6937184,75139907.0000,3,0.974901,1,-0.459983,24.589535,2.020710,-34.763534,3.171723,0
2017-03-08,sz.002588,10.7900,10.9000,10.7800,10.8400,10.8200,6602013,71661061.0000,3,0.927798,1,0.184847,24.634987,2.024446,-34.827792,3.177586,0
2017-03-09,sz.002588,10.8700,10.8800,10.6900,10.7300,10.8400,4824508,51770895.0000,3,0.678001,1,-1.014766,24.385001,2.003902,-34.474373,3.145341,0
2017-03-10,sz.002588,10.7400,10.7500,10.6900,10.7100,10.7300,2882234,30865472.0000,3,0.404823,1,-0.186389,24.339549,2.000167,-34.410115,3.139478,0
2017-03-13,sz.002588,10.7200,10.7200,10.5300,10.6800,10.7100,5296131,56262469.0000,3,0.743866,1,-0.280110,24.271371,1.994564,-34.313729,3.130684,0
2017-03-14,sz.002588,10.6600,10.7300,10.6600,10.6600,10.6800,3316810,35458868.0000,3,0.465861,1,-0.187270,24.225919,1.990829,-34.249471,3.124821,0
2017-03-15,sz.002588,10.6900,10.6900,10.6000,10.6300,10.6600,2823204,29994826.0000,3,0.396532,1,-0.281423,24.157741,1.985227,-34.153084,3.116027,0
2017-03-16,sz.002588,10.6300,10.7200,10.6200,10.6900,10.6300,5593996,59685511.0000,3,0.785703,1,0.564435,24.294097,1.996432,-34.345858,3.133615,0
2017-03-17,sz.002588,10.7100,10.7100,10.6000,10.6200,10.6900,5858731,62453835.0000,3,0.822886,1,-0.654815,24.135015,1.983359,-34.120955,3.113096,0
2017-03-20,sz.002588,10.6000,10.6100,10.5100,10.5700,10.6200,4661091,49164398.0000,3,0.654672,1,-0.470812,24.021385,1.974021,-33.960310,3.098439,0
2017-03-21,sz.002588,10.5800,10.6100,10.4300,10.5000,10.5700,6953391,73085909.0000,3,0.976636,1,-0.662249,23.862303,1.960948,-33.735407,3.077920,0
2017-03-22,sz.002588,10.4900,10.4900,10.3100,10.3400,10.5000,8622315,89329624.0000,3,1.198178,1,-1.523808,23.498687,1.931067,-33.221344,3.031018,0
2017-03-23,sz.002588,10.3500,10.4700,10.3300,10.3900,10.3400,5119870,53230778.0000,3,0.711470,1,0.483561,23.612317,1.940405,-33.381989,3.045675,0
2017-03-24,sz.002588,10.4000,10.4200,10.2800,10.3500,10.3900,5075593,52436172.0000,3,0.705317,1,-0.384985,23.521413,1.932935,-33.253473,3.033949,0
2017-03-27,sz.002588,10.3600,10.3800,10.3000,10.3100,10.3500,4617692,47621235.0000,3,0.641686,1,-0.386473,23.430509,1.925464,-33.124957,3.022224,0
2017-03-28,sz.002588,10.3100,10.3700,10.2700,10.3400,10.3100,4450084,45911996.0000,3,0.618395,1,0.290977,23.498687,1.931067,-33.221344,3.031018,0
2017-03-29,sz.002588,10.3300,10.3500,10.1800,10.2200,10.3400,6834022,70144606.0000,3,0.949673,1,-1.160540,23.225975,1.908656,-32.835796,2.995842,0
2017-03-30,sz.002588,10.2200,10.2200,9.9500,10.0000,10.2200,9755263,97787724.0000,3,1.355616,1,-2.152644,22.726003,1.867570,-32.128959,2.931352,0
2017-03-31,sz.002588,9.9400,10.0600,9.9400,10.0200,10.0000,5413751,54137419.0000,3,0.752308,1,0.200005,22.771455,1.871305,-32.193217,2.937215,0
2017-04-05,sz.002588,10.0200,10.1700,10.0200,10.1200,10.0200,4951670,50081601.0000,3,0.688096,1,0.997998,22.998715,1.889981,-32.514507,2.966528,0
2017-04-06,sz.002588,10.1100,10.3400,10.0800,10.2000,10.1200,6645454,67870872.0000,3,0.923469,1,0.790513,23.180523,1.904921,-32.771539,2.989979,0
2017-04-07,sz.002588,10.2500,10.2700,10.1600,10.2000,10.2000,5121393,52289934.0000,3,0.711682,1,0.000000,23.180523,1.904921,-32.771539,2.989979,0
2017-04-10,sz.002588,10.2200,10.2200,10.0900,10.1200,10.2000,4558797,46168330.0000,3,0.633502,1,-0.784313,22.998715,1.889981,-32.514507,2.966528,0
2017-04-11,sz.002588,10.1000,10.1400,10.0100,10.1300,10.1200,4259837,42888895.0000,3,0.591958,1,0.098816,23.021441,1.891848,-32.546636,2.969460,0
2017-04-12,sz.002588,10.1000,10.1300,10.0100,10.0700,10.1300,3412130,34364327.0000,3,0.474158,1,-0.592304,22.885085,1.880643,-32.353862,2.951871,0
2017-04-13,sz.002588,10.0300,10.1400,10.0300,10.0700,10.0700,3891080,39242223.0000,3,0.540714,1,0.000000,22.885085,1.880643,-32.353862,2.951871,0
2017-04-14,sz.002588,10.0700,10.0700,10.0000,10.0200,10.0700,4238743,42463539.0000,3,0.589026,1,-0.496517,22.771455,1.871305,-32.193217,2.937215,0
2017-04-17,sz.002588,10.0000,10.0000,9.8000,9.8700,10.0200,5640329,55823779.0000,3,0.783794,1,-1.497012,22.430565,1.843291,-31.711283,2.893244,0
2017-04-18,sz.002588,9.8500,9.8700,9.6100,9.6300,9.8700,6661086,64965285.0000,3,0.925641,1,-2.431609,21.885141,1.798470,-30.940188,2.822892,0
2017-04-19,sz.002588,9.5700,9.5700,9.3300,9.4100,9.6300,7321680,68788396.0000,3,1.019243,1,-2.284530,21.385168,1.757383,-30.233351,2.758402,0
2017-04-20,sz.002588,9.3500,9.4300,9.1200,9.2000,9.4100,7573775,70252768.0000,3,1.054337,1,-2.231669,20.767604,1.706633,-29.360267,2.678745,0
2017-04-21,sz.002588,9.2500,9.2500,9.0300,9.0700,9.2000,9787003,89192350.0000,3,1.362438,1,-1.413045,20.474149,1.682518,-28.945394,2.640893,0
2017-04-24,sz.002588,9.0700,9.0900,8.7100,8.8100,9.0700,8479205,74893412.0000,3,1.180381,1,-2.866585,19.887238,1.634287,-28.115647,2.565189,0
2017-04-25,sz.002588,8.8400,8.9600,8.7500,8.9000,8.8100,4161402,37057109.0000,3,0.579304,1,1.021557,20.090400,1.650982,-28.402867,2.591394,0
2017-04-26,sz.002588,8.9100,8.9800,8.8000,8.9700,8.9000,3305511,29539020.0000,3,0.460157,1,0.786524,20.248414,1.663967,-28.626260,2.611776,0
2017-04-27,sz.002588,8.9000,8.9000,8.5500,8.7800,8.9700,9044730,78596484.0000,3,1.259107,1,-2.118177,23.053095,1.644089,-20.177786,2.469105,0
2017-04-28,sz.002588,8.7900,8.7900,8.6800,8.7000,8.7800,4792280,41745183.0000,3,0.667128,1,-0.911161,22.843044,1.629109,-19.993934,2.446607,0
2017-05-02,sz.002588,8.7200,8.7200,8.6200,8.7000,8.7000,3445379,29853544.0000,3,0.479628,1,0.000000,22.843044,1.629109,-19.993934,2.446607,0
2017-05-03,sz.002588,8.7100,8.7700,8.6600,8.7700,8.7000,3788090,32987825.0000,3,0.527336,1,0.804605,23.026838,1.642217,-20.154805,2.466292,0
2017-05-04,sz.002588,8.7200,8.8500,8.6600,8.7200,8.7700,4083924,35756695.0000,3,0.568519,1,-0.570128,22.895556,1.632854,-20.039897,2.452231,0
2017-05-05,sz.002588,8.7000,8.7100,8.4900,8.5500,8.7200,4700722,40399783.0000,3,0.654383,1,-1.949542,22.449198,1.601021,-19.649211,2.404424,0
2017-05-08,sz.002588,8.5000,8.5000,8.0800,8.1600,8.5500,9751234,80838886.0000,3,1.357459,1,-4.561408,21.425200,1.527992,-18.752931,2.294749,0
2017-05-09,sz.002588,8.1000,8.2100,7.9500,8.1500,8.1600,8184813,66101275.0000,3,1.139399,1,-0.122552,21.398943,1.526119,-18.729950,2.291937,0
2017-05-10,sz.002588,8.1400,8.1900,7.9100,7.9400,8.1500,5152591,41677278.0000,3,0.717287,1,-2.576682,20.847559,1.486796,-18.247338,2.232880,0
2017-05-11,sz.002588,7.9000,7.9000,7.5200,7.7000,7.9400,9667893,74341256.0000,3,1.345857,1,-3.022673,20.217407,1.441855,-17.695781,2.165388,0
2017-05-12,sz.002588,7.7000,7.7500,7.6100,7.6800,7.7000,4785363,36840896.0000,3,0.666165,1,-0.259740,20.164894,1.438110,-17.649818,2.159763,0
2017-05-15,sz.002588,7.6800,7.7700,7.6100,7.6300,7.6800,4872273,37383185.0000,3,0.678264,1,-0.651038,20.033612,1.428747,-17.534910,2.145703,0
2017-05-16,sz.002588,7.6400,7.9800,7.5600,7.9600,7.6300,9086624,70239484.0000,3,1.264939,1,4.325032,20.900072,1.490541,-18.293301,2.238505,0
2017-05-17,sz.002588,7.9300,7.9600,7.8100,7.8300,7.9600,6548817,51672693.0000,3,0.911654,1,-1.633167,20.558739,1.466198,-17.994541,2.201946,0
2017-05-18,sz.002588,7.7600,7.8500,7.7000,7.7500,7.8300,4784454,37218190.0000,3,0.666039,1,-1.021710,20.348688,1.451218,-17.810689,2.179449,0
2017-05-19,sz.002588,7.7700,7.8400,7.7500,7.7800,7.7500,3851938,29974891.0000,3,0.536224,1,0.387099,20.427457,1.456835,-17.879633,2.187885,0
2017-05-22,sz.002588,7.8800,7.9800,7.7000,7.7100,7.7800,6517371,51189144.0000,3,0.907276,1,-0.899745,20.243663,1.443727,-17.718762,2.168200,0
2017-05-23,sz.002588,7.7000,7.7100,7.3700,7.3900,7.7100,5872105,44152941.0000,3,0.817450,1,-4.150456,19.403459,1.383806,-16.983353,2.078210,0
2017-05-24,sz.002588,7.3600,7.4700,7.2100,7.4600,7.3900,4182062,30753874.0000,3,0.582180,1,0.947228,19.587254,1.396914,-17.144224,2.097895,0
2017-05-25,sz.002588,7.4200,7.5700,7.3100,7.5400,7.4600,4485851,33475298.0000,3,0.624471,1,1.072385,19.797305,1.411894,-17.328076,2.120393,0
2017-05-26,sz.002588,7.5000,7.5600,7.5000,7.5600,7.5400,2709780,20410525.0000,3,0.377226,1,0.265252,19.849817,1.415639,-17.374039,2.126017,0
2017-05-31,sz.002588,7.6200,7.6600,7.5200,7.5300,7.5600,3988579,30263784.0000,3,0.555246,1,-0.396822,19.771048,1.410022,-17.305095,2.117581,0
2017-06-01,sz.002588,7.5200,7.5400,7.4200,7.4300,7.5300,3221138,24102233.0000,3,0.448411,1,-1.328026,19.508484,1.391296,-17.075279,2.089459,0
2017-06-02,sz.002588,7.3800,7.5100,7.2900,7.5000,7.4300,5403991,39969058.0000,3,0.752284,1,0.942129,19.692279,1.404404,-17.236150,2.109144,0
2017-06-05,sz.002588,7.5100,7.6100,7.4900,7.5500,7.5000,3869479,29220526.0000,3,0.538666,1,0.666669,19.823561,1.413767,-17.351058,2.123205,0
2017-06-06,sz.002588,7.5500,7.6300,7.5000,7.6100,7.5500,4289398,32538167.0000,3,0.597123,1,0.794701,19.981099,1.425002,-17.488947,2.140078,0
2017-06-07,sz.002588,7.5900,7.8100,7.5700,7.8000,7.6100,6824134,52785872.0000,3,0.949981,1,2.496716,20.479970,1.460580,-17.925596,2.193510,0
2017-06-08,sz.002588,7.7300,7.7700,7.6500,7.6900,7.7000,5674497,43762529.0000,3,0.789941,1,-0.129867,20.191150,1.439982,-17.672799,2.162576,0
2017-06-09,sz.002588,7.6900,7.7000,7.5800,7.6900,7.6900,4067369,31034351.0000,3,0.566214,1,0.000000,20.191150,1.439982,-17.672799,2.162576,0
2017-06-12,sz.002588,7.6400,7.6500,7.5900,7.6000,7.6900,3503861,26680883.0000,3,0.487769,1,-1.170353,19.954843,1.423129,-17.465966,2.137266,0
2017-06-13,sz.002588,7.5800,7.6700,7.5600,7.6600,7.6000,4990779,38084816.0000,3,0.694761,1,0.789473,20.112381,1.434365,-17.603855,2.154139,0
2017-06-14,sz.002588,7.6400,7.6700,7.6000,7.6500,7.6600,3708391,28300879.0000,3,0.516241,1,-0.130545,20.086125,1.432492,-17.580873,2.151327,0
2017-06-15,sz.002588,7.6300,7.8400,7.6300,7.8000,7.6500,10337922,80062839.0000,3,1.439131,1,1.960786,20.479970,1.460580,-17.925596,2.193510,0
2017-06-16,sz.002588,7.8000,7.8000,7.6500,7.6900,7.8000,6982229,53794248.0000,3,0.971989,1,-1.410258,20.191150,1.439982,-17.672799,2.162576,0
2017-06-19,sz.002588,7.6700,7.7800,7.6500,7.7300,7.6900,4605059,35504013.0000,3,0.641065,1,0.520155,20.296176,1.447472,-17.764725,2.173824,0
2017-06-20,sz.002588,7.7300,7.7600,7.7000,7.7200,7.7300,5152683,39814195.0000,3,0.717300,1,-0.129369,20.269919,1.445600,-17.741744,2.171012,0
2017-06-21,sz.002588,7.7200,7.7500,7.6300,7.6800,7.7200,4245879,32645621.0000,3,0.591064,1,-0.518134,20.164894,1.438110,-17.649818,2.159763,0
2017-06-22,sz.002588,7.6800,7.7400,7.5600,7.5700,7.6800,3950296,30255482.0000,3,0.549917,1,-1.432287,19.876074,1.417512,-17.397021,2.128829,0
2017-06-23,sz.002588,7.5200,7.5900,7.4500,7.5500,7.5700,4749121,35714368.0000,3,0.661120,1,-0.264201,19.823561,1.413767,-17.351058,2.123205,0
2017-06-26,sz.002588,7.5300,7.6300,7.5100,7.6100,7.5500,3302422,25069779.0000,3,0.459727,1,0.794701,19.981099,1.425002,-17.488947,2.140078,0
2017-06-27,sz.002588,7.6400,7.7300,7.6200,7.7200,7.6100,5600018,43123556.0000,3,0.779573,1,1.445462,20.269919,1.445600,-17.741744,2.171012,0
2017-06-28,sz.002588,7.7000,7.7000,7.6300,7.6500,7.7200,2891116,22147909.0000,3,0.402469,1,-0.906732,20.086125,1.432492,-17.580873,2.151327,0
2017-06-29,sz.002588,7.6500,7.7300,7.6400,7.6600,7.6500,4041877,31074241.0000,3,0.562665,1,0.130716,20.112381,1.434365,-17.603855,2.154139,0
2017-06-30,sz.002588,7.6400,7.7000,7.6000,7.6900,7.6600,3681143,28163777.0000,3,0.520584,1,0.391648,20.191150,1.439982,-17.672799,2.162576,0
2017-07-03,sz.002588,7.7000,7.7200,7.6500,7.7100,7.6900,4097524,31515008.0000,3,0.579468,1,0.260078,20.243663,1.443727,-17.718762,2.168200,0
2017-07-04,sz.002588,7.6900,7.7900,7.6900,7.7800,7.7100,7923632,61273583.0000,3,1.120552,1,0.907914,20.427457,1.456835,-17.879633,2.187885,0
2017-07-05,sz.002588,7.7500,7.7800,7.6800,7.7800,7.7800,7270784,56193098.0000,3,1.028227,1,0.000000,20.427457,1.456835,-17.879633,2.187885,0
2017-07-06,sz.002588,7.7600,7.7900,7.7000,7.7300,7.7800,6040553,46795978.0000,3,0.854249,1,-0.642676,20.296176,1.447472,-17.764725,2.173824,0
2017-07-07,sz.002588,7.7300,7.7900,7.6800,7.7600,7.7300,5178929,40097611.0000,3,0.732399,1,0.388101,20.374945,1.453090,-17.833670,2.182261,0
2017-07-10,sz.002588,7.7500,7.7900,7.7000,7.7200,7.7600,6727538,52078709.0000,3,0.951402,1,-0.515470,20.269919,1.445600,-17.741744,2.171012,0
2017-07-11,sz.002588,7.7300,7.7400,7.5900,7.6000,7.7200,7336408,56275570.0000,3,1.037507,1,-1.554403,19.954843,1.423129,-17.465966,2.137266,0
2017-07-12,sz.002588,7.5900,7.6200,7.4400,7.5100,7.6000,7353244,55164522.0000,3,1.039888,1,-1.184206,19.718535,1.406277,-17.259132,2.111956,0
2017-07-13,sz.002588,7.5000,7.5500,7.4300,7.5100,7.5100,3837317,28785560.0000,3,0.542669,1,0.000000,19.718535,1.406277,-17.259132,2.111956,0
2017-07-14,sz.002588,7.2900,7.4100,7.2600,7.2700,7.5100,9538529,69789752.0000,3,1.348929,1,-3.195742,19.088383,1.361336,-16.707575,2.044464,0
2017-07-17,sz.002588,7.2500,7.2500,6.7000,6.7500,7.2700,10833413,74879100.0000,3,1.532050,1,-7.152682,17.723051,1.263964,-15.512535,1.898230,0
2017-07-18,sz.002588,6.7500,6.8100,6.6600,6.7700,6.7500,6765436,45512034.0000,3,0.956761,1,0.296296,17.775564,1.267709,-15.558498,1.903854,0
2017-07-19,sz.002588,6.7800,6.8500,6.7200,6.8400,6.7700,7817773,52955959.0000,3,1.105582,1,1.033976,17.959359,1.280817,-15.719369,1.923539,0
2017-07-20,sz.002588,6.8300,6.9000,6.8000,6.8500,6.8400,6039585,41393275.0000,3,0.854112,1,0.146195,17.985615,1.282689,-15.742351,1.926352,0
2017-07-21,sz.002588,6.8400,6.8600,6.8000,6.8300,6.8500,5636278,38489269.0000,3,0.797077,1,-0.291971,17.933102,1.278944,-15.696387,1.920727,0
2017-07-24,sz.002588,6.8000,6.8800,6.7700,6.8700,6.8300,5021086,34291558.0000,3,0.710077,1,0.585651,18.038128,1.286434,-15.788314,1.931976,0
2017-07-25,sz.002588,6.8400,6.9400,6.8300,6.8700,6.8700,4207898,28933787.0000,3,0.595077,1,0.000000,18.038128,1.286434,-15.788314,1.931976,0
2017-07-26,sz.002588,6.8600,6.8900,6.8000,6.8900,6.8700,4307114,29498189.0000,3,0.609108,1,0.291121,18.090640,1.290179,-15.834277,1.937600,0
2017-07-27,sz.002588,6.8500,7.5800,6.8500,7.5800,6.8900,15663230,116111884.0000,3,2.215078,1,10.014510,19.902330,1.419384,-17.420002,2.131642,0
2017-07-28,sz.002588,7.7900,7.9700,7.5600,7.8300,7.5800,46170211,358884976.0000,3,6.529344,1,3.298153,20.558739,1.466198,-17.994541,2.201946,0
2017-07-31,sz.002588,7.7500,8.3500,7.6200,8.1300,7.8300,38565052,306193088.0000,3,5.453830,1,3.831420,21.346431,1.522374,-18.683987,2.286312,0
2017-08-01,sz.002588,8.0500,8.1300,7.8500,7.9600,8.1300,23410967,186363836.0000,3,3.310755,1,-2.091022,20.900072,1.490541,-18.293301,2.238505,0
2017-08-02,sz.002588,7.9300,7.9300,7.7200,7.9000,7.9600,17840787,139937923.0000,3,2.523026,1,-0.753768,20.742534,1.479306,-18.155412,2.221632,0
2017-08-03,sz.002588,7.8500,7.9200,7.7100,7.8700,7.9000,13661322,106892423.0000,3,1.931970,1,-0.379750,20.663765,1.473688,-18.086467,2.213195,0
2017-08-04,sz.002588,7.8400,7.9000,7.7300,7.8500,7.8700,11748943,91785233.0000,3,1.661524,1,-0.254129,20.611252,1.469943,-18.040504,2.207571,0
2017-08-07,sz.002588,7.8300,8.0200,7.7700,7.8900,7.8500,14189212,112375191.0000,3,2.006624,1,0.509554,20.716278,1.477433,-18.132430,2.218820,0
2017-08-08,sz.002588,7.8900,8.2500,7.8100,8.1300,7.8900,24924775,200469928.0000,3,3.524836,1,3.041828,21.346431,1.522374,-18.683987,2.286312,0
2017-08-09,sz.002588,8.0500,8.1000,7.9000,8.0000,8.1300,14718551,117573037.0000,3,2.081483,1,-1.599017,21.005098,1.498031,-18.385227,2.249754,0
2017-08-10,sz.002588,7.9900,7.9900,7.6000,7.7300,8.0000,14777995,115001551.0000,3,2.089889,1,-3.375000,20.296176,1.447472,-17.764725,2.173824,0
2017-08-11,sz.002588,7.6500,7.7800,7.5900,7.6300,7.7300,9365168,71739404.0000,3,1.324413,1,-1.293660,20.033612,1.428747,-17.534910,2.145703,0
2017-08-14,sz.002588,7.6100,7.7500,7.6100,7.7300,7.6300,7860264,60526988.0000,3,1.111591,1,1.310615,20.296176,1.447472,-17.764725,2.173824,0
2017-08-15,sz.002588,7.7500,7.7500,7.6500,7.7300,7.7300,5822940,44788326.0000,3,0.823474,1,0.000000,20.296176,1.447472,-17.764725,2.173824,0
2017-08-16,sz.002588,7.7200,7.8000,7.6600,7.7400,7.7300,7546398,58348152.0000,3,1.067204,1,0.129363,20.322432,1.449345,-17.787707,2.176637,0
2017-08-17,sz.002588,7.7100,7.8000,7.6100,7.7900,7.7400,8274498,63825196.0000,3,1.170171,1,0.645997,20.453714,1.458708,-17.902615,2.190698,0
2017-08-18,sz.002588,7.7600,7.7800,7.6700,7.6700,7.7900,6757146,52094519.0000,3,0.955589,1,-1.540435,20.138637,1.436237,-17.626836,2.156951,0
2017-08-21,sz.002588,7.6000,7.7000,7.5900,7.6800,7.6700,5370743,41140027.0000,3,0.759525,1,0.130375,20.164894,1.438110,-17.649818,2.159763,0
2017-08-22,sz.002588,7.6800,7.7000,7.6100,7.6100,7.6800,5110200,38990795.0000,3,0.722679,1,-0.911454,19.981099,1.425002,-17.488947,2.140078,0
2017-08-23,sz.002588,7.6100,7.6300,7.3000,7.3700,7.6100,9458060,70465154.0000,3,1.337549,1,-3.153749,19.350946,1.380061,-16.937390,2.072586,0
2017-08-24,sz.002588,7.3700,7.4200,7.2800,7.3000,7.3700,5543724,40698786.0000,3,0.783988,1,-0.949792,24.901355,1.402641,-172.658017,2.061131,0
2017-08-25,sz.002588,7.3100,7.4900,7.2500,7.4700,7.3000,9243059,67966594.0000,3,1.307144,1,2.328762,25.481250,1.435305,-176.678820,2.109130,0
2017-08-28,sz.002588,7.4500,7.5300,7.4200,7.5000,7.4700,6652940,49839513.0000,3,0.940852,1,0.401609,25.583584,1.441070,-177.388373,2.117601,0
2017-08-29,sz.002588,7.5200,7.5200,7.3600,7.3900,7.5000,7073325,52593732.0000,3,1.000302,1,-1.466668,25.208358,1.419934,-174.786677,2.086542,0
2017-08-30,sz.002588,7.3900,7.4500,7.3600,7.4200,7.3900,4280931,31690201.0000,3,0.605405,1,0.405957,25.310693,1.425698,-175.496231,2.095013,0
2017-08-31,sz.002588,7.4000,7.4400,7.3700,7.4100,7.4200,3539322,26179432.0000,3,0.500527,1,-0.134774,25.276581,1.423777,-175.259713,2.092189,0
2017-09-01,sz.002588,7.4100,7.4500,7.3700,7.3800,7.4100,4962632,36705164.0000,3,0.701810,1,-0.404855,25.174247,1.418013,-174.550159,2.083719,0
2017-09-04,sz.002588,7.3700,7.5000,7.3600,7.4900,7.3800,7617908,56815426.0000,3,1.077317,1,1.490510,25.549473,1.439148,-177.151855,2.114777,0
2017-09-05,sz.002588,7.4900,7.5000,7.4200,7.4600,7.4900,4410219,32899345.0000,3,0.623689,1,-0.400531,25.447138,1.433384,-176.442302,2.106307,0
2017-09-06,sz.002588,7.4400,7.5600,7.4400,7.4900,7.4600,8264861,61966944.0000,3,1.168808,1,0.402141,25.549473,1.439148,-177.151855,2.114777,0
2017-09-07,sz.002588,7.5000,7.6500,7.4500,7.5500,7.4900,10710547,81111228.0000,3,1.514675,1,0.801074,25.754141,1.450677,-178.570962,2.131718,0
2017-09-08,sz.002588,7.5500,7.6000,7.5300,7.5900,7.5500,6208336,46972896.0000,3,0.877977,1,0.529801,25.890587,1.458363,-179.517034,2.143012,0
2017-09-11,sz.002588,7.5600,7.7100,7.5400,7.7100,7.5900,9809961,75022854.0000,3,1.387315,1,1.581026,26.299925,1.481420,-182.355248,2.176893,0
2017-09-12,sz.002588,7.7300,7.7400,7.5500,7.5800,7.7100,9563500,72903740.0000,3,1.352460,1,-1.686123,25.856476,1.456441,-179.280516,2.140188,0
2017-09-13,sz.002588,7.5400,7.8300,7.5400,7.8200,7.5800,12460806,96075867.9900,3,1.762195,1,3.166230,26.675151,1.502555,-184.956944,2.207952,0
2017-09-14,sz.002588,7.8500,8.3700,7.8500,8.1400,7.8200,48874620,398979341.6500,3,6.911799,1,4.092074,27.766717,1.564041,-192.525514,2.298303,0
2017-09-15,sz.002588,8.1500,8.1500,7.9100,8.0100,8.1400,18219376,145646998.6300,3,2.576566,1,-1.597053,27.323268,1.539062,-189.450783,2.261597,0
2017-09-18,sz.002588,7.9900,7.9900,7.8300,7.9600,8.0100,11723647,92653750.0400,3,1.657946,1,-0.624222,27.152711,1.529455,-188.268193,2.247480,0
2017-09-19,sz.002588,7.9300,8.1800,7.9200,7.9800,7.9600,13533169,108944361.5600,3,1.913847,1,0.251256,27.220934,1.533298,-188.741229,2.253127,0
2017-09-20,sz.002588,7.9600,8.0000,7.8600,7.9900,7.9800,7521281,59592258.2300,3,1.063652,1,0.125310,27.255045,1.535220,-188.977747,2.255950,0
2017-09-21,sz.002588,7.9800,7.9800,7.7600,7.7600,7.9900,9951222,78194806.5800,3,1.407292,1,-2.878592,26.470482,1.491027,-183.537837,2.191011,0
2017-09-22,sz.002588,7.7600,7.8500,7.6700,7.8300,7.7600,5934787,45919409.7300,3,0.839292,1,0.902058,26.709262,1.504477,-185.193462,2.210775,0
2017-09-25,sz.002588,7.8300,7.8500,7.7100,7.7200,7.8300,4069800,31645852.0000,3,0.575547,1,-1.404855,26.334036,1.483341,-182.591765,2.179717,0
2017-09-26,sz.002588,7.7100,7.7900,7.7000,7.7800,7.7200,3945994,30581280.3200,3,0.558038,1,0.777208,26.538705,1.494870,-184.010872,2.196658,0
2017-09-27,sz.002588,7.7700,7.9200,7.7400,7.8900,7.7800,6896079,54213140.4200,3,0.975236,1,1.413877,26.913931,1.516005,-186.612569,2.227716,0
2017-09-28,sz.002588,7.8700,7.9200,7.7900,7.8000,7.8900,5278368,41296131.6600,3,0.746461,1,-1.140680,26.606928,1.498712,-184.483908,2.202305,0
2017-09-29,sz.002588,7.7700,7.8600,7.7200,7.7400,7.8000,4408358,34332625.5600,3,0.623426,1,-0.769236,26.402259,1.487184,-183.064801,2.185364,0
2017-10-09,sz.002588,7.7800,8.0400,7.7800,8.0300,7.7400,16042665,128040443.3900,3,2.268737,1,3.746770,27.391491,1.542905,-189.923818,2.267244,0
2017-10-10,sz.002588,8.0100,8.0600,7.9400,8.0500,8.0300,8950787,71729043.0800,3,1.265811,1,0.249072,27.459714,1.546748,-190.396854,2.272891,0
2017-10-11,sz.002588,8.0500,8.1200,7.9400,7.9800,8.0500,8679369,69656202.8600,3,1.227428,1,-0.869567,27.220934,1.533298,-188.741229,2.253127,0
2017-10-12,sz.002588,8.0100,8.1200,7.9500,8.0400,7.9800,10094019,81179261.2300,3,1.427486,1,0.751879,27.425602,1.544827,-190.160336,2.270068,0
2017-10-13,sz.002588,8.0500,8.0800,7.9300,8.0800,8.0400,9083310,72940582.4600,3,1.284552,1,0.497512,27.562048,1.552512,-191.106407,2.281362,0
2017-10-16,sz.002588,8.0800,8.1200,7.9400,8.0000,8.0800,8835439,70832564.1800,3,1.249499,1,-0.990098,27.289157,1.537141,-189.214265,2.258774,0
2017-10-17,sz.002588,7.9400,7.9900,7.8300,7.8800,8.0000,6343400,50036697.0000,3,0.897077,1,-1.499999,26.879819,1.514084,-186.376051,2.224892,0
2017-10-18,sz.002588,7.8700,7.9300,7.7600,7.7700,7.8800,6844545,53631155.4000,3,0.967949,1,-1.395941,26.504593,1.492948,-183.774355,2.193834,0
2017-10-19,sz.002588,7.7500,7.8800,7.6900,7.7800,7.7700,6655550,51781970.8700,3,0.941221,1,0.128703,26.538705,1.494870,-184.010872,2.196658,0
2017-10-20,sz.002588,7.7900,7.8500,7.7200,7.8300,7.7800,4072470,31793487.4200,3,0.575925,1,0.642670,26.709262,1.504477,-185.193462,2.210775,0
2017-10-23,sz.002588,7.8300,7.8800,7.7900,7.8600,7.8300,3528429,27644167.1300,3,0.498987,1,0.383144,26.811596,1.510241,-185.903015,2.219245,0
2017-10-24,sz.002588,7.8600,8.3500,7.8400,8.2800,7.8600,32678690,267065559.3800,3,4.621387,1,5.343506,28.244277,1.590941,-195.836764,2.337831,0
2017-10-25,sz.002588,8.1800,8.2000,8.0500,8.1800,8.2800,20736358,168397175.9900,3,2.932515,1,-1.207723,32.730548,1.718096,35.103778,2.289383,0
2017-10-26,sz.002588,8.1500,8.1500,7.9800,8.1100,8.1800,14948497,120730962.7200,3,2.114001,1,-0.855753,32.450458,1.703393,34.803379,2.269792,0
2017-10-27,sz.002588,8.1000,8.1300,7.9400,7.9600,8.1100,11169863,89505399.4400,3,1.579631,1,-1.849564,31.850265,1.671888,34.159667,2.227810,0
2017-10-30,sz.002588,7.9200,7.9400,7.5400,7.5800,7.9600,15584307,119205868.2800,3,2.203917,1,-4.773871,30.329775,1.592074,32.528929,2.121458,0
2017-10-31,sz.002588,7.5200,7.6300,7.3700,7.4900,7.5800,10036088,75114129.3800,3,1.419293,1,-1.187337,29.969659,1.573171,32.142701,2.096269,0
2017-11-01,sz.002588,7.4800,7.5400,7.4300,7.4600,7.4900,4764600,35613767.0000,3,0.673805,1,-0.400531,29.849620,1.566870,32.013959,2.087873,0
2017-11-02,sz.002588,7.4300,7.4500,7.3000,7.3800,7.4600,5975397,43896811.0000,3,0.845035,1,-1.072385,29.529517,1.550067,31.670646,2.065483,0
2017-11-03,sz.002588,7.3500,7.3700,7.0600,7.1500,7.3800,9572092,68902218.1200,3,1.353676,1,-3.116531,28.609220,1.501759,30.683620,2.001111,0
2017-11-06,sz.002588,7.1400,7.2600,7.1400,7.2500,7.1500,4537649,32723693.6900,3,0.641710,1,1.398600,29.009349,1.522762,31.112762,2.029099,0
2017-11-07,sz.002588,7.2500,7.2600,7.1800,7.2300,7.2500,3681377,26578701.4000,3,0.520617,1,-0.275862,28.929323,1.518562,31.026933,2.023501,0
2017-11-08,sz.002588,7.2400,7.3200,7.1900,7.3100,7.2300,4325782,31479112.4500,3,0.611748,1,1.106500,29.249426,1.535365,31.370247,2.045891,0
2017-11-09,sz.002588,7.3000,7.3300,7.2400,7.3200,7.3100,3555904,25929575.1900,3,0.502872,1,0.136802,29.289439,1.537465,31.413161,2.048690,0
2017-11-10,sz.002588,7.3200,7.3400,7.2000,7.2200,7.3200,3773619,27322528.5000,3,0.533661,1,-1.366125,28.889310,1.516461,30.984019,2.020702,0
2017-11-13,sz.002588,7.2200,7.3400,7.2000,7.2500,7.2200,3891671,28303158.0300,3,0.550356,1,0.415515,29.009349,1.522762,31.112762,2.029099,0
2017-11-14,sz.002588,7.2300,7.3000,7.2000,7.2600,7.2500,4499395,32573204.1000,3,0.636300,1,0.137934,29.049362,1.524863,31.155676,2.031897,0
2017-11-15,sz.002588,7.2500,7.2500,7.0800,7.1000,7.2600,4768825,34134238.9100,3,0.674402,1,-2.203861,28.409156,1.491257,30.469049,1.987117,0
2017-11-16,sz.002588,7.0500,7.1400,7.0500,7.1100,7.1000,2040718,14506237.6100,3,0.288596,1,0.140848,28.449168,1.493357,30.511963,1.989916,0
2017-11-17,sz.002588,7.0900,7.1100,6.8100,6.8900,7.1100,6907684,47905798.3600,3,0.976878,1,-3.094237,27.568885,1.447149,29.567852,1.928343,0
2017-11-20,sz.002588,6.8900,6.8900,6.7000,6.8200,6.8900,4375432,29620921.6500,3,0.618769,1,-1.015961,27.288795,1.432447,29.267453,1.908752,0
2017-11-21,sz.002588,6.8200,6.9400,6.8000,6.8200,6.8200,3787135,25965247.7500,3,0.535573,1,0.000000,27.288795,1.432447,29.267453,1.908752,0
2017-11-22,sz.002588,6.8300,6.8900,6.7800,6.8900,6.8200,3209830,21981973.4700,3,0.453931,1,1.026388,27.568885,1.447149,29.567852,1.928343,0
2017-11-23,sz.002588,6.9000,6.9600,6.8200,6.8400,6.8900,4406347,30347061.6400,3,0.623141,1,-0.725685,27.368820,1.436648,29.353281,1.914350,0
2017-11-24,sz.002588,6.8400,7.1500,6.7600,7.0600,6.8400,7267219,50716129.5400,3,1.027723,1,3.216371,28.249104,1.482855,30.297393,1.975922,0
2017-11-27,sz.002588,7.0300,7.1100,6.9000,7.0700,7.0600,7240068,50825213.2400,3,1.023883,1,0.141646,28.289117,1.484956,30.340307,1.978721,0
2017-11-28,sz.002588,7.0100,7.0800,6.9900,7.0800,7.0700,4619334,32520693.5100,3,0.653262,1,0.141439,28.329130,1.487056,30.383221,1.981520,0
2017-11-29,sz.002588,7.0400,7.0800,6.9700,7.0300,7.0800,3314039,23240254.9700,3,0.468668,1,-0.706211,28.129065,1.476554,30.168650,1.967526,0
2017-11-30,sz.002588,7.0200,7.0300,6.9000,7.0000,7.0300,3740052,26068584.4400,3,0.528914,1,-0.426745,28.009027,1.470253,30.039908,1.959130,0
2017-12-01,sz.002588,6.9600,7.0300,6.9500,7.0000,7.0000,2209828,15456195.6800,3,0.312512,1,0.000000,28.009027,1.470253,30.039908,1.959130,0
2017-12-04,sz.002588,6.9800,7.0000,6.8000,6.8200,7.0000,3446083,23757399.6900,3,0.487342,1,-2.571426,27.288795,1.432447,29.267453,1.908752,0
2017-12-05,sz.002588,6.8400,6.8700,6.6600,6.7000,6.8200,3663251,24712291.3900,3,0.518053,1,-1.759536,26.808640,1.407242,28.752483,1.875167,0
2017-12-06,sz.002588,6.6600,6.7500,6.6000,6.7300,6.7000,3314048,22125781.2800,3,0.468669,1,0.447764,26.928678,1.413544,28.881226,1.883563,0
2017-12-07,sz.002588,6.7000,6.7700,6.6700,6.7400,6.7300,1836297,12347044.9900,3,0.259687,1,0.148585,26.968691,1.415644,28.924140,1.886362,0
2017-12-08,sz.002588,6.7200,6.8500,6.7000,6.8200,6.7400,2536804,17236456.2000,3,0.358752,1,1.186950,27.288795,1.432447,29.267453,1.908752,0
2017-12-11,sz.002588,6.8200,6.8800,6.7800,6.8300,6.8200,1971596,13464496.1600,3,0.278821,1,0.146624,27.328807,1.434547,29.310367,1.911551,0
2017-12-12,sz.002588,6.8400,6.8400,6.7600,6.8000,6.8300,1695901,11529259.7400,3,0.239833,1,-0.439235,27.208769,1.428246,29.181625,1.903155,0
2017-12-13,sz.002588,6.7900,6.8300,6.7700,6.8300,6.8000,1499140,10192813.4000,3,0.212007,1,0.441173,27.328807,1.434547,29.310367,1.911551,0
2017-12-14,sz.002588,6.8200,6.8300,6.7700,6.8200,6.8300,1611906,10958314.7200,3,0.227954,1,-0.146409,27.288795,1.432447,29.267453,1.908752,0
2017-12-15,sz.002588,6.8000,6.8100,6.6700,6.7100,6.8200,2437700,16390267.7200,3,0.344737,1,-1.612905,26.848653,1.409343,28.795397,1.877966,0
2017-12-18,sz.002588,6.7300,6.7800,6.6600,6.7200,6.7100,1931028,12950992.3200,3,0.273084,1,0.149028,26.888666,1.411443,28.838311,1.880765,0
2017-12-19,sz.002588,6.7000,6.8800,6.7000,6.8600,6.7200,2878158,19538767.6600,3,0.407026,1,2.083338,27.448846,1.440848,29.439110,1.919947,0
2017-12-20,sz.002588,6.8400,6.8500,6.7500,6.8200,6.8600,2350600,15961218.0000,3,0.332419,1,-0.583090,27.288795,1.432447,29.267453,1.908752,0
2017-12-21,sz.002588,6.8000,6.8300,6.6700,6.7200,6.8200,2803642,18875439.0000,3,0.396488,1,-1.466281,26.888666,1.411443,28.838311,1.880765,0
2017-12-22,sz.002588,6.7200,6.7700,6.6700,6.6700,6.7200,1958300,13151370.0000,3,0.276941,1,-0.744043,26.688601,1.400941,28.623741,1.866771,0
2017-12-25,sz.002588,6.6700,6.7100,6.5800,6.5900,6.6700,3098255,20500283.2000,3,0.438152,1,-1.199399,26.368498,1.384138,28.280427,1.844381,0
2017-12-26,sz.002588,6.6000,6.6800,6.6000,6.6700,6.5900,3204168,21302528.7300,3,0.453130,1,1.213959,26.688601,1.400941,28.623741,1.866771,0
2017-12-27,sz.002588,6.6800,6.8300,6.6500,6.7600,6.6700,5573293,37562502.9400,3,0.788169,1,1.349328,27.048717,1.419845,29.009968,1.891960,0
2017-12-28,sz.002588,6.8000,6.8300,6.6800,6.7100,6.7600,6467340,43576681.4000,3,0.914605,1,-0.739648,26.848653,1.409343,28.795397,1.877966,0
2017-12-29,sz.002588,6.6600,6.7100,6.6400,6.6900,6.7100,4625354,30844915.9800,3,0.654113,1,-0.298062,26.768627,1.405142,28.709569,1.872368,0
2018-01-02,sz.002588,6.6800,7.1700,6.6600,6.8900,6.6900,11738825,81107739.0200,3,1.660093,1,2.989534,27.568885,1.447149,29.567852,1.928343,0
2018-01-03,sz.002588,6.8600,6.9800,6.8200,6.9600,6.8900,8428381,58052141.1200,3,1.191933,1,1.015968,27.848975,1.461852,29.868251,1.947935,0
2018-01-04,sz.002588,6.9500,6.9500,6.8900,6.8900,6.9600,3776978,26075138.7800,3,0.534136,1,-1.005750,27.568885,1.447149,29.567852,1.928343,0
2018-01-05,sz.002588,6.8800,7.0100,6.8500,6.9400,6.8900,5743627,39835969.1000,3,0.812258,1,0.725692,27.768949,1.457651,29.782423,1.942337,0
2018-01-08,sz.002588,6.9200,6.9500,6.8100,6.8800,6.9400,4708007,32333283.6800,3,0.665802,1,-0.864552,27.528872,1.445049,29.524938,1.925545,0
2018-01-09,sz.002588,6.8900,6.9100,6.8200,6.8300,6.8800,3556447,24388756.8600,3,0.502949,1,-0.726747,27.328807,1.434547,29.310367,1.911551,0
2018-01-10,sz.002588,6.8000,6.8200,6.6700,6.7100,6.8300,5186920,34946189.3100,3,0.733529,1,-1.756953,26.848653,1.409343,28.795397,1.877966,0
2018-01-11,sz.002588,6.7100,6.7300,6.6700,6.7000,6.7100,5828076,39040297.4400,3,0.824201,1,-0.149035,26.808640,1.407242,28.752483,1.875167,0
2018-01-12,sz.002588,6.7100,6.7400,6.6500,6.6600,6.7000,5267936,35230101.4000,3,0.744986,1,-0.597014,26.648588,1.398841,28.580827,1.863972,0
2018-01-15,sz.002588,6.6800,6.8000,6.6600,6.7200,6.6600,7435850,50026711.1900,3,1.051570,1,0.900900,26.888666,1.411443,28.838311,1.880765,0
2018-01-16,sz.002588,6.7000,6.8400,6.7000,6.8200,6.7200,7318496,49712546.4000,3,1.034974,1,1.488101,27.288795,1.432447,29.267453,1.908752,0
2018-01-17,sz.002588,6.8200,6.9000,6.7000,6.8300,6.8200,6762977,46022653.9200,3,0.956413,1,0.146624,27.328807,1.434547,29.310367,1.911551,0
2018-01-18,sz.002588,6.7800,6.9500,6.7800,6.9300,6.8300,8613419,59378649.6600,3,1.218101,1,1.464127,27.728936,1.455551,29.739509,1.939538,0
2018-01-19,sz.002588,6.9400,6.9400,6.8400,6.8800,6.9300,6290952,43316763.5200,3,0.889660,1,-0.721497,27.528872,1.445049,29.524938,1.925545,0
2018-01-22,sz.002588,6.8800,6.8900,6.7700,6.8700,6.8800,6314192,43149571.3200,3,0.892947,1,-0.145352,27.488859,1.442949,29.482024,1.922746,0
2018-01-23,sz.002588,6.8500,6.9200,6.8400,6.8800,6.8700,5253259,36200191.1600,3,0.742911,1,0.145564,27.528872,1.445049,29.524938,1.925545,0
2018-01-24,sz.002588,6.8800,7.0300,6.8400,6.9900,6.8800,7799121,54276338.5400,3,1.102944,1,1.598832,27.969014,1.468153,29.996994,1.956331,0
2018-01-25,sz.002588,7.0400,7.1700,6.9600,7.0400,6.9900,10441667,74104159.0600,3,1.476650,1,0.715310,28.169078,1.478655,30.211564,1.970325,0
2018-01-26,sz.002588,7.0500,7.1700,7.0200,7.0500,7.0400,8884958,63155794.2100,3,1.256502,1,0.142049,28.209091,1.480755,30.254479,1.973124,0
2018-01-29,sz.002588,7.0800,7.1500,7.0400,7.1300,7.0500,7640328,54323390.4800,3,1.080487,1,1.134751,28.529194,1.497558,30.597792,1.995514,0
2018-01-30,sz.002588,7.1200,7.2200,7.0700,7.2100,7.1300,7780523,55733690.3100,3,1.100314,1,1.122018,28.849297,1.514361,30.941105,2.017904,0
2018-01-31,sz.002588,7.2100,7.2100,6.9100,7.0000,7.2100,8377396,58962897.2700,3,1.184723,1,-2.912622,28.009027,1.470253,30.039908,1.959130,0
2018-02-01,sz.002588,6.9600,6.9900,6.6500,6.6700,7.0000,7640700,52033528.3100,3,1.080540,1,-4.714284,26.688601,1.400941,28.623741,1.866771,0
2018-02-02,sz.002588,6.6700,6.7900,6.6100,6.7500,6.6700,4512279,30373876.8500,3,0.638122,1,1.199399,27.008704,1.417744,28.967054,1.889161,0
2018-02-05,sz.002588,6.7600,7.3500,6.6900,7.1500,6.7500,13795905,98334696.2400,3,1.951003,1,5.925927,28.609220,1.501759,30.683620,2.001111,0
2018-02-06,sz.002588,7.0500,7.3000,7.0100,7.0900,7.1500,15249775,109565464.8200,3,2.156608,1,-0.839160,28.369143,1.489157,30.426135,1.984319,0
2018-02-07,sz.002588,7.2000,7.4800,7.1000,7.4000,7.0900,19933504,146248219.8400,3,2.818976,1,4.372355,29.609542,1.554268,31.756474,2.071080,0
2018-02-08,sz.002588,7.4500,7.4500,7.2100,7.3200,7.4000,12069303,88025022.0100,3,1.706829,1,-1.081080,29.289439,1.537465,31.413161,2.048690,0
2018-02-09,sz.002588,7.1000,7.2000,6.8100,7.0100,7.3200,12622360,88185734.9500,3,1.785041,1,-4.234972,28.049040,1.472354,30.082822,1.961929,0
2018-02-12,sz.002588,7.0000,7.4000,6.9000,7.4000,7.0100,13875544,100526171.7100,3,1.962265,1,5.563478,29.609542,1.554268,31.756474,2.071080,0
2018-02-13,sz.002588,7.3700,7.5300,7.2800,7.2900,7.4000,9992582,73602664.9500,3,1.413141,1,-1.486488,29.169401,1.531164,31.284418,2.040294,0
2018-02-14,sz.002588,7.2400,7.3500,7.2000,7.2900,7.2900,5346796,38946228.5800,3,0.756138,1,0.000000,29.169401,1.531164,31.284418,2.040294,0
2018-02-22,sz.002588,7.3400,7.5800,7.3000,7.5800,7.2900,13323808,99228460.5300,3,1.884239,1,3.978052,30.329775,1.592074,32.528929,2.121458,0
2018-02-23,sz.002588,7.5900,7.6600,7.4500,7.5800,7.5800,11487491,86759425.8300,3,1.624549,1,0.000000,30.329775,1.592074,32.528929,2.121458,0
2018-02-26,sz.002588,7.5900,7.6600,7.4700,7.6200,7.5800,10624278,80548491.6400,3,1.502475,1,0.527704,30.489826,1.600476,32.700585,2.132653,0
2018-02-27,sz.002588,7.6300,7.6300,7.4100,7.5000,7.6200,9975362,74763086.8100,3,1.410706,1,-1.574802,30.009671,1.575271,32.185616,2.099068,0
2018-02-28,sz.002588,7.3300,7.5800,7.2800,7.4700,7.5000,8092351,60347085.1800,3,1.144412,1,-0.400003,31.797571,1.629716,32.056873,2.090671,0
2018-03-01,sz.002588,7.4200,7.5000,7.3800,7.4300,7.4700,6276472,46600580.2800,3,0.887612,1,-0.535475,31.627303,1.620989,31.885216,2.079476,0
2018-03-02,sz.002588,7.3900,7.4000,7.2900,7.2900,7.4300,5797630,42515742.7300,3,0.819895,1,-1.884251,31.031365,1.590445,31.284418,2.040294,0
2018-03-05,sz.002588,7.3000,7.5200,7.2900,7.4800,7.2900,8039070,59745527.1700,3,1.136877,1,2.606311,31.840138,1.631897,32.099787,2.093470,0
2018-03-06,sz.002588,7.4200,7.4900,7.3000,7.4200,7.4800,8544018,62920984.4900,3,1.208286,1,-0.802138,31.584736,1.618807,31.842302,2.076678,0
2018-03-07,sz.002588,7.3900,7.3900,7.1600,7.2000,7.4200,9677490,70403548.9600,3,1.368581,1,-2.964963,30.648262,1.570810,30.898191,2.015105,0
2018-03-08,sz.002588,7.2000,7.2600,7.0700,7.2200,7.2000,7430061,53206842.1200,3,1.050752,1,0.277778,30.733396,1.575174,30.984019,2.020702,0
2018-03-09,sz.002588,7.2000,7.3200,7.1900,7.2800,7.2200,5936896,43082103.2400,3,0.839590,1,0.831031,30.988798,1.588264,31.241504,2.037495,0
2018-03-12,sz.002588,7.2900,7.4700,7.2300,7.4600,7.2800,9219690,68170496.5900,3,1.303839,1,2.472525,31.755004,1.627534,32.013959,2.087873,0
2018-03-13,sz.002588,7.4500,7.4500,7.3600,7.3600,7.4600,5409579,40009568.0200,3,0.765017,1,-1.340481,31.329334,1.605717,31.584817,2.059885,0
2018-03-14,sz.002588,7.3200,7.4100,7.1800,7.1800,7.3600,5009600,36545393.0000,3,0.708453,1,-2.445656,30.563128,1.566447,30.812363,2.009507,0
2018-03-15,sz.002588,7.1700,7.2300,7.1000,7.2100,7.1800,3960523,28363720.4500,3,0.560093,1,0.417830,30.690829,1.572992,30.941105,2.017904,0
2018-03-16,sz.002588,7.2200,7.2900,7.1600,7.1800,7.2100,3024461,21826409.6000,3,0.414438,1,-0.416092,30.563128,1.566447,30.812363,2.009507,0
2018-03-19,sz.002588,7.1500,7.2200,7.1100,7.2100,7.1800,2823131,20260519.6700,3,0.386850,1,0.417830,30.690829,1.572992,30.941105,2.017904,0
2018-03-20,sz.002588,7.1500,7.2600,7.1100,7.2100,7.2100,3949231,28340471.4100,3,0.541158,1,0.000000,30.690829,1.572992,30.941105,2.017904,0
2018-03-21,sz.002588,7.2100,7.3600,7.1800,7.2900,7.2100,5489485,39976746.4600,3,0.752217,1,1.109569,31.031365,1.590445,31.284418,2.040294,0
2018-03-22,sz.002588,7.2800,7.5500,7.2100,7.4500,7.2900,9179110,67815541.2600,3,1.257801,1,2.194785,31.712437,1.625352,31.971045,2.085074,0
2018-03-23,sz.002588,7.3000,7.5200,7.0500,7.1100,7.4500,12545210,91451547.3000,3,1.719053,1,-4.563754,30.265158,1.551175,30.511963,1.989916,0
2018-03-26,sz.002588,7.0000,7.2100,6.4600,7.1000,7.1100,10258253,71030695.5900,3,1.405674,1,-0.140650,30.222591,1.548993,30.469049,1.987117,0
2018-03-27,sz.002588,7.1100,7.2100,7.0700,7.1500,7.1000,6306336,44984735.4300,3,0.864149,1,0.704228,30.435426,1.559902,30.683620,2.001111,0
2018-03-28,sz.002588,7.1100,7.1300,6.8800,6.9300,7.1500,5587529,39119764.9100,3,0.765651,1,-3.076927,29.498952,1.511905,29.739509,1.939538,0
2018-03-29,sz.002588,6.9000,7.0100,6.8600,6.9800,6.9300,3154284,21940828.0400,3,0.432227,1,0.721503,29.711787,1.522813,29.954079,1.953532,0
2018-03-30,sz.002588,6.9600,7.0300,6.9200,6.9500,6.9800,2965343,20638268.6000,3,0.406337,1,-0.429802,29.584086,1.516268,29.825337,1.945136,0
2018-04-02,sz.002588,7.0100,7.0400,6.9500,6.9700,6.9500,2604211,18162424.5500,3,0.356851,1,0.287770,29.669220,1.520632,29.911165,1.950733,0
2018-04-03,sz.002588,6.9100,6.9800,6.8500,6.9200,6.9700,3446354,23863593.7900,3,0.472249,1,-0.717356,29.456385,1.509723,29.696595,1.936740,0
2018-04-04,sz.002588,6.9200,6.9900,6.9000,6.9500,6.9200,2608454,18107355.7400,3,0.357433,1,0.433522,29.584086,1.516268,29.825337,1.945136,0
2018-04-09,sz.002588,6.8800,6.9400,6.7000,6.7200,6.9500,5889382,40014818.3400,3,0.807014,1,-3.309353,28.595553,1.465603,28.828742,1.880141,0
2018-04-10,sz.002588,6.7100,6.7800,6.6300,6.7400,6.7200,4676488,31285764.0400,3,0.640813,1,0.297619,28.680658,1.469965,28.914542,1.885736,0
2018-04-11,sz.002588,6.7600,6.8000,6.7200,6.7800,6.7400,2423832,16416046.5300,3,0.332134,1,0.593478,28.850870,1.478689,29.086142,1.896927,0
2018-04-12,sz.002588,6.7500,6.8300,6.7400,6.7600,6.7800,2656179,18038881.2300,3,0.363973,1,-0.294985,28.765764,1.474327,29.000342,1.891332,0
2018-04-13,sz.002588,6.7600,6.8400,6.7600,6.8100,6.7600,2440110,16608319.1600,3,0.334365,1,0.739641,28.978529,1.485232,29.214842,1.905321,0
2018-04-16,sz.002588,6.8000,6.8000,6.6600,6.7000,6.8100,2998725,20157383.2500,3,0.410911,1,-1.615274,28.510447,1.461241,28.742943,1.874545,0
2018-04-17,sz.002588,6.7300,6.7400,6.5600,6.5700,6.7000,2910245,19296311.3200,3,0.398787,1,-1.940293,27.957259,1.432889,28.185244,1.838173,0
2018-04-18,sz.002588,6.6000,6.6800,6.5000,6.6300,6.5700,2296600,15155968.9600,3,0.314700,1,0.913241,28.212576,1.445974,28.442643,1.854960,0
2018-04-19,sz.002588,6.6200,6.6700,6.5900,6.6400,6.6300,1806304,11996384.4400,3,0.247515,1,0.150826,28.255129,1.448155,28.485543,1.857758,0
2018-04-20,sz.002588,6.6600,6.6700,6.4000,6.5400,6.6400,2199493,14478312.6000,3,0.301393,1,-1.506023,27.829600,1.426346,28.056544,1.829780,0
2018-04-23,sz.002588,6.4900,6.5700,6.4000,6.4300,6.5400,2525619,16341125.4700,3,0.346082,1,-1.681959,27.947775,1.438544,20.839544,1.755113,0
2018-04-24,sz.002588,6.4400,6.5600,6.4400,6.5400,6.4300,1979304,12909478.1200,3,0.271221,1,1.710733,28.425886,1.463154,21.196052,1.785138,0
2018-04-25,sz.002588,6.5500,6.7400,6.5400,6.6500,6.5400,3626626,24175428.8400,3,0.496952,1,1.681959,28.903997,1.487764,21.552561,1.815163,0
2018-04-26,sz.002588,6.6500,6.6500,6.5600,6.5800,6.6500,2005880,13223504.8000,3,0.274863,1,-1.052634,28.599744,1.472103,21.325692,1.796056,0
2018-04-27,sz.002588,6.6000,6.6200,6.5100,6.5600,6.5800,1894800,12425866.0000,3,0.259642,1,-0.303951,28.512815,1.467629,21.260872,1.790597,0
2018-05-02,sz.002588,6.5700,6.5900,6.4900,6.5000,6.5600,2708334,17689434.2400,3,0.371119,1,-0.914633,28.252027,1.454205,21.066413,1.774220,0
2018-05-03,sz.002588,6.5200,6.6600,6.4200,6.6100,6.5000,3645800,23888059.2000,3,0.499579,1,1.692310,28.730138,1.478815,21.422921,1.804245,0
2018-05-04,sz.002588,6.6100,6.6400,6.5300,6.5700,6.6100,1603167,10543335.7900,3,0.219680,1,-0.605143,28.556280,1.469866,21.293282,1.793326,0
2018-05-07,sz.002588,6.5700,6.6800,6.5600,6.6700,6.5700,2584712,17188866.5800,3,0.354180,1,1.522069,28.990926,1.492238,21.617381,1.820622,0
2018-05-08,sz.002588,6.6700,6.7300,6.6600,6.6800,6.6700,1996600,13354668.0000,3,0.273591,1,0.149921,29.034391,1.494475,21.649791,1.823352,0
2018-05-09,sz.002588,6.6700,6.7100,6.6400,6.7100,6.6800,1896296,12663217.2400,3,0.259847,1,0.449105,29.164785,1.501187,21.747020,1.831540,0
2018-05-10,sz.002588,6.7100,6.7100,6.6700,6.7000,6.7100,2533488,16938090.7200,3,0.347160,1,-0.149035,29.121320,1.498950,21.714610,1.828811,0
2018-05-11,sz.002588,6.7000,6.7000,6.6200,6.6500,6.7000,2097200,13974901.0800,3,0.287376,1,-0.746264,28.903997,1.487764,21.552561,1.815163,0
2018-05-14,sz.002588,6.6000,6.7000,6.6000,6.6600,6.6500,1995716,13289767.7600,3,0.273470,1,0.150372,28.947462,1.490001,21.584971,1.817893,0
2018-05-15,sz.002588,6.6500,6.7100,6.6300,6.7000,6.6600,3203648,21372685.2000,3,0.438991,1,0.600600,29.121320,1.498950,21.714610,1.828811,0
2018-05-16,sz.002588,6.6900,6.7100,6.6000,6.6300,6.7000,3236700,21565352.0000,3,0.443521,1,-1.044772,28.817068,1.483289,21.487741,1.809704,0
2018-05-17,sz.002588,6.6600,6.6900,6.6100,6.6800,6.6300,2352593,15650907.7800,3,0.322373,1,0.754143,29.034391,1.494475,21.649791,1.823352,0
2018-05-18,sz.002588,6.8000,6.8000,6.6900,6.7500,6.6800,4176285,28146776.1400,3,0.572271,1,1.047907,29.338644,1.510136,21.876660,1.842459,0
2018-05-21,sz.002588,6.7400,6.8400,6.7200,6.7800,6.7500,4006546,27168831.5000,3,0.549011,1,0.444448,29.469038,1.516848,21.973889,1.850647,0
2018-05-22,sz.002588,6.7800,6.7900,6.7400,6.7800,6.7800,2160351,14618877.0800,3,0.296030,1,0.000000,29.469038,1.516848,21.973889,1.850647,0
2018-05-23,sz.002588,6.7700,6.7900,6.6300,6.6600,6.7800,3312500,22199912.0000,3,0.453907,1,-1.769917,28.947462,1.490001,21.584971,1.817893,0
2018-05-24,sz.002588,6.6600,6.7000,6.5400,6.5800,6.6600,2537800,16794453.0000,3,0.347751,1,-1.201200,28.599744,1.472103,21.325692,1.796056,0
2018-05-25,sz.002588,6.5700,6.6000,6.5000,6.5300,6.5800,2406876,15719996.5200,3,0.329811,1,-0.759874,28.382421,1.460917,21.163643,1.782408,0
2018-05-28,sz.002588,6.5200,6.6300,6.4700,6.5600,6.5300,2307811,15104609.9400,3,0.316236,1,0.459414,28.512815,1.467629,21.260872,1.790597,0
2018-05-29,sz.002588,6.6000,6.6100,6.5000,6.5200,6.5600,1677537,10973542.4700,3,0.229871,1,-0.609756,28.338956,1.458680,21.131233,1.779679,0
2018-05-30,sz.002588,6.4700,6.4800,6.3900,6.3900,6.5200,2722446,17471645.2900,3,0.373053,1,-1.993867,27.773916,1.429595,20.709904,1.744194,0
2018-05-31,sz.002588,6.3900,6.4600,6.3800,6.4100,6.3900,2292043,14708252.4300,3,0.314075,1,0.312989,27.860845,1.434070,20.774724,1.749653,0
2018-06-01,sz.002588,6.4100,6.4100,5.8900,6.0200,6.4100,8826111,54303370.7900,3,1.209430,1,-6.084241,26.165724,1.346818,19.510739,1.643200,0
2018-06-04,sz.002588,6.0000,6.0400,5.9100,5.9300,6.0200,3464074,20693064.0400,3,0.474677,1,-1.495019,25.774542,1.326682,19.219051,1.618634,0
2018-06-05,sz.002588,5.9400,6.0000,5.9200,6.0000,5.9300,2295554,13680056.3600,3,0.314557,1,1.180441,26.078794,1.342343,19.445920,1.637741,0
2018-06-06,sz.002588,5.9900,5.9900,5.9500,5.9800,6.0000,1532700,9161831.0000,3,0.210024,1,-0.333333,25.991865,1.337869,19.381100,1.632282,0
2018-06-07,sz.002588,5.9800,6.0100,5.9300,5.9400,5.9800,1936580,11547272.2400,3,0.265367,1,-0.668896,25.818006,1.328920,19.251460,1.621364,0
2018-06-08,sz.002588,5.8400,5.8800,5.6000,5.6600,5.8900,3628888,20700212.6200,3,0.497262,1,-3.904924,24.600996,1.266277,18.343984,1.544936,0
2018-06-11,sz.002588,5.6600,5.7000,5.6100,5.6200,5.6600,2139700,12087841.3600,3,0.293200,1,-0.706713,24.427137,1.257328,18.214345,1.534017,0
2018-06-12,sz.002588,5.6200,5.6700,5.4700,5.6600,5.6200,3596838,20008204.5700,3,0.492870,1,0.711743,24.600996,1.266277,18.343984,1.544936,0
2018-06-13,sz.002588,5.6300,5.6400,5.4800,5.4900,5.6600,3169304,17596819.9600,3,0.434285,1,-3.003535,23.862097,1.228244,17.793016,1.498533,0
2018-06-14,sz.002588,5.5000,5.5900,5.4600,5.5200,5.4900,2377103,13153398.2500,3,0.325731,1,0.546452,23.992491,1.234956,17.890246,1.506722,0
2018-06-15,sz.002588,5.5200,5.5400,5.3000,5.4600,5.5200,3110718,16843685.0800,3,0.426257,1,-1.086956,23.731703,1.221532,17.695787,1.490344,0
2018-06-19,sz.002588,5.3000,5.4300,4.9300,5.0000,5.4600,4514304,23480068.9600,3,0.618589,1,-8.424910,21.732329,1.118619,16.204933,1.364784,0
2018-06-20,sz.002588,5.0000,5.2300,5.0000,5.1800,5.0000,3589939,18472189.6500,3,0.491924,1,3.599997,22.514692,1.158890,16.788311,1.413916,0
2018-06-21,sz.002588,5.2200,5.2600,5.1100,5.1100,5.1800,2776751,14385511.1500,3,0.380494,1,-1.351346,22.210440,1.143229,16.561442,1.394809,0
2018-06-22,sz.002588,5.1100,5.2800,5.0600,5.2400,5.1100,2204600,11512426.0000,3,0.302093,1,2.544024,22.775480,1.172313,16.982770,1.430294,0
2018-06-25,sz.002588,5.2800,5.3000,5.1800,5.2200,5.2400,1837300,9606419.0000,3,0.251763,1,-0.381679,22.688551,1.167839,16.917950,1.424835,0
2018-06-26,sz.002588,5.1800,5.2100,5.0400,5.1700,5.2200,2606100,13366855.3500,3,0.357110,1,-0.957849,22.471228,1.156652,16.755901,1.411187,0
2018-06-27,sz.002588,5.1700,5.1900,5.0800,5.1200,5.1700,1921900,9866006.0000,3,0.263355,1,-0.967122,22.253904,1.145466,16.593851,1.397539,0
2018-06-28,sz.002588,5.1300,5.1800,5.0000,5.0500,5.1200,2867611,14626013.9200,3,0.392945,1,-1.367182,21.949652,1.129805,16.366982,1.378432,0
2018-06-29,sz.002588,5.0800,5.2100,5.0600,5.1800,5.0500,2157403,11123820.4000,3,0.295626,1,2.574250,22.514692,1.158890,16.788311,1.413916,0
2018-07-02,sz.002588,5.1700,5.2600,5.1700,5.2100,5.1800,2531957,13213168.1300,3,0.346951,1,0.579155,22.645086,1.165601,16.885540,1.422105,0
2018-07-03,sz.002588,5.1800,5.2800,5.0600,5.2200,5.2100,2469400,12782452.3500,3,0.338378,1,0.191934,22.688551,1.167839,16.917950,1.424835,0
2018-07-04,sz.002588,5.1800,5.2400,5.1300,5.1900,5.2200,2092300,10856497.0000,3,0.286705,1,-0.574708,22.558157,1.161127,16.820720,1.416646,0
2018-07-05,sz.002588,5.1800,5.2200,5.0200,5.0200,5.1900,2079495,10625359.3200,3,0.284950,1,-3.275531,21.819258,1.123094,16.269753,1.370243,0
2018-07-06,sz.002588,5.0600,5.1500,5.0000,5.1300,5.0200,2629519,13395705.1500,3,0.360319,1,2.191238,22.297369,1.147703,16.626261,1.400269,0
2018-07-09,sz.002588,5.1300,5.2000,5.0800,5.1900,5.1300,1893337,9788577.5500,3,0.259441,1,1.169590,22.558157,1.161127,16.820720,1.416646,0
2018-07-10,sz.002588,5.2400,5.2400,5.1600,5.2100,5.1900,1542464,8000837.5200,3,0.211362,1,0.385356,22.645086,1.165601,16.885540,1.422105,0
2018-07-11,sz.002588,5.1600,5.1700,5.0700,5.1300,5.2100,1856908,9492670.8200,3,0.254450,1,-1.535507,22.297369,1.147703,16.626261,1.400269,0
2018-07-12,sz.002588,5.1400,5.2900,5.1000,5.2400,5.1300,3648085,18999995.0600,3,0.499892,1,2.144243,22.775480,1.172313,16.982770,1.430294,0
2018-07-13,sz.002588,5.2500,5.2500,5.1600,5.2000,5.2400,2359400,12255011.3100,3,0.323305,1,-0.763358,22.601622,1.163364,16.853130,1.419376,0
2018-07-16,sz.002588,5.1900,5.1900,5.1200,5.1400,5.2000,2033632,10461410.4800,3,0.278666,1,-1.153845,22.340834,1.149941,16.658671,1.402998,0
2018-07-17,sz.002588,5.1400,5.1800,5.1100,5.1700,5.1400,1322853,6800719.3900,3,0.181269,1,0.583662,22.471228,1.156652,16.755901,1.411187,0
2018-07-18,sz.002588,5.1800,5.2900,5.1500,5.2100,5.1700,3195706,16713725.6100,3,0.437903,1,0.773694,22.645086,1.165601,16.885540,1.422105,0
2018-07-19,sz.002588,5.2300,5.2400,5.1200,5.1200,5.2100,2295020,11805721.3600,3,0.314483,1,-1.727450,22.253904,1.145466,16.593851,1.397539,0
2018-07-20,sz.002588,5.1100,5.1900,5.1100,5.1800,5.1200,1601052,8263329.8400,3,0.219390,1,1.171874,22.514692,1.158890,16.788311,1.413916,0
2018-07-23,sz.002588,5.1900,5.2200,5.0900,5.2200,5.1800,2140600,11088194.0000,3,0.293323,1,0.772200,22.688551,1.167839,16.917950,1.424835,0
2018-07-24,sz.002588,5.2100,5.3200,5.1900,5.3100,5.2200,5375674,28369085.9800,3,0.736621,1,1.724141,23.079733,1.187974,17.209639,1.449401,0
2018-07-25,sz.002588,5.2800,5.3500,5.2800,5.3100,5.3100,4053724,21529189.8200,3,0.555476,1,0.000000,23.079733,1.187974,17.209639,1.449401,0
2018-07-26,sz.002588,5.3200,5.7200,5.2800,5.4800,5.3100,9889986,54126649.4700,3,1.355211,1,3.201508,23.818632,1.226007,17.760607,1.495804,0
2018-07-27,sz.002588,5.4200,5.4300,5.3100,5.3400,5.4800,4784224,25601026.0400,3,0.655576,1,-2.554742,23.210127,1.194685,17.306868,1.457590,0
2018-07-30,sz.002588,5.3000,5.3300,5.2200,5.2400,5.3400,3711940,19520486.3800,3,0.508642,1,-1.872666,22.775480,1.172313,16.982770,1.430294,0
2018-07-31,sz.002588,5.2400,5.2800,5.2200,5.2700,5.2400,2303540,12101366.9000,3,0.315651,1,0.572523,22.905874,1.179025,17.079999,1.438483,0
2018-08-01,sz.002588,5.2500,5.3000,5.0700,5.0900,5.2700,5103500,26393678.0000,3,0.699326,1,-3.415557,22.123511,1.138754,16.496622,1.389350,0
2018-08-02,sz.002588,5.0800,5.0800,4.7400,4.8600,5.0900,6668604,32626133.9200,3,0.913790,1,-4.518664,21.123823,1.087298,15.751195,1.326570,0
2018-08-03,sz.002588,4.8400,4.9000,4.8300,4.8300,4.8600,1526600,7415957.0000,3,0.209188,1,-0.617288,20.993429,1.080586,15.653965,1.318382,0
2018-08-06,sz.002588,4.8200,4.8900,4.7600,4.8400,4.8300,2473406,11934586.7200,3,0.338927,1,0.207044,21.036894,1.082823,15.686375,1.321111,0
2018-08-07,sz.002588,4.8100,5.0600,4.8100,5.0200,4.8400,4755738,23700195.7500,3,0.651672,1,3.719005,21.819258,1.123094,16.269753,1.370243,0
2018-08-08,sz.002588,5.0300,5.0300,4.9000,4.9100,5.0200,3381300,16727404.1600,3,0.463335,1,-2.191238,21.341147,1.098484,15.913244,1.340218,0
2018-08-09,sz.002588,4.8600,5.0000,4.8500,4.9700,4.9100,3266284,16220335.8100,3,0.447574,1,1.221995,21.601935,1.111908,16.107703,1.356596,0
2018-08-10,sz.002588,4.9600,5.0700,4.9400,5.0200,4.9700,2613269,13068508.9300,3,0.358093,1,1.006040,21.819258,1.123094,16.269753,1.370243,0
2018-08-13,sz.002588,4.9400,4.9400,4.5300,4.8700,5.0200,5263100,25436730.0000,3,0.721195,1,-2.988050,21.167288,1.089535,15.783605,1.329300,0
2018-08-14,sz.002588,4.8500,4.9600,4.8100,4.9200,4.8700,3635671,17867042.9100,3,0.498191,1,1.026698,21.384611,1.100721,15.945654,1.342948,0
2018-08-15,sz.002588,4.9400,5.0300,4.9000,4.9500,4.9200,4286602,21287693.6700,3,0.587387,1,0.609751,21.515005,1.107433,16.042884,1.351136,0
2018-08-16,sz.002588,4.9300,4.9300,4.7300,4.8000,4.9500,3775877,18265652.3400,3,0.517403,1,-3.030295,20.863035,1.073875,15.556736,1.310193,0
2018-08-17,sz.002588,4.8200,4.8900,4.7500,4.7700,4.8000,2677908,12928796.5600,3,0.366950,1,-0.625004,20.732641,1.067163,15.459506,1.302004,0
2018-08-20,sz.002588,4.7900,4.8500,4.5900,4.7300,4.7700,3591510,16821387.4800,3,0.492140,1,-0.838574,20.558783,1.058214,15.329867,1.291086,0
2018-08-21,sz.002588,4.7300,4.8000,4.7000,4.7700,4.7300,2513668,11972415.1100,3,0.344444,1,0.845665,20.732641,1.067163,15.459506,1.302004,0
2018-08-22,sz.002588,4.7700,4.8200,4.6900,4.7300,4.7700,2617500,12439549.0000,3,0.358672,1,-0.838574,20.558783,1.058214,15.329867,1.291086,0
2018-08-23,sz.002588,4.7000,4.7800,4.6900,4.7500,4.7300,1940737,9197687.4600,3,0.265937,1,0.422833,20.645712,1.062688,15.394686,1.296545,0
2018-08-24,sz.002588,4.7900,4.7900,4.6500,4.6600,4.7500,1940017,9092476.1600,3,0.265884,1,-1.894740,22.924617,1.001068,24.294696,1.261954,0
2018-08-27,sz.002588,4.6700,4.7900,4.6700,4.7700,4.6600,3018718,14364510.8900,3,0.413723,1,2.360518,23.465756,1.024698,24.868176,1.291742,0
2018-08-28,sz.002588,4.8000,4.8500,4.8000,4.8400,4.7700,2129004,10262431.2400,3,0.291785,1,1.467509,23.810117,1.039736,25.233118,1.310699,0
2018-08-29,sz.002588,4.8400,4.9100,4.7300,4.8100,4.8400,3707688,17870414.9400,3,0.508148,1,-0.619839,23.662534,1.033291,25.076715,1.302575,0
2018-08-30,sz.002588,4.8000,4.8100,4.7400,4.7400,4.8100,1594600,7594097.0000,3,0.218544,1,-1.455305,23.318172,1.018254,24.711773,1.283618,0
2018-08-31,sz.002588,4.7400,4.7600,4.6500,4.6800,4.7400,3017629,14137061.1900,3,0.413573,1,-1.265822,23.023006,1.005364,24.398966,1.267370,0
2018-09-03,sz.002588,4.6600,4.6900,4.6100,4.6900,4.6800,1467400,6820299.0000,3,0.201111,1,0.213680,23.072200,1.007513,24.451100,1.270078,0
2018-09-04,sz.002588,4.7000,4.7200,4.6400,4.7000,4.6900,2500725,11711513.3000,3,0.342730,1,0.213214,23.121395,1.009661,24.503235,1.272786,0
2018-09-05,sz.002588,4.6900,4.6900,4.6200,4.6300,4.7000,1787700,8322329.0000,3,0.245009,1,-1.489355,22.777033,0.994623,24.138293,1.253830,0
2018-09-06,sz.002588,4.6100,4.6500,4.5500,4.5900,4.6300,1931010,8885841.9000,3,0.264650,1,-0.863930,22.580256,0.986030,23.929755,1.242997,0
2018-09-07,sz.002588,4.5900,4.6500,4.5700,4.5900,4.5900,1655302,7636555.1800,3,0.226863,1,0.000000,22.580256,0.986030,23.929755,1.242997,0
2018-09-10,sz.002588,4.6000,4.6200,4.5000,4.5100,4.5900,2617622,11935849.0000,3,0.358751,1,-1.742918,22.186700,0.968845,23.512678,1.221333,0
2018-09-11,sz.002588,4.5100,4.6100,4.4900,4.5500,4.5100,2472000,11225481.0000,3,0.338794,1,0.886917,22.383478,0.977438,23.721217,1.232165,0
2018-09-12,sz.002588,4.5700,4.6100,4.5500,4.5800,4.5500,1933512,8863969.8400,3,0.264992,1,0.659335,22.531061,0.983882,23.877620,1.240289,0
2018-09-13,sz.002588,4.6000,4.6700,4.5200,4.5900,4.5800,2383000,10876940.0000,3,0.326596,1,0.218346,22.580256,0.986030,23.929755,1.242997,0
2018-09-14,sz.002588,4.5900,4.6300,4.5500,4.5900,4.5900,2592143,11894559.7700,3,0.355259,1,0.000000,22.580256,0.986030,23.929755,1.242997,0
2018-09-17,sz.002588,4.5800,4.5800,4.4200,4.4500,4.5900,3666499,16440051.5400,3,0.502502,1,-3.050116,21.891533,0.955955,23.199871,1.205085,0
2018-09-18,sz.002588,4.4500,4.5100,4.4100,4.4900,4.4500,3182960,14183063.8000,3,0.436232,1,0.898876,22.088311,0.964548,23.408409,1.215917,0
2018-09-19,sz.002588,4.4600,4.5700,4.4600,4.5300,4.4900,4278620,19374840.2000,3,0.586395,1,0.890878,22.285089,0.973141,23.616947,1.226749,0
2018-09-20,sz.002588,4.5300,4.5800,4.5000,4.5500,4.5300,3088300,14020578.0000,3,0.423259,1,0.441501,22.383478,0.977438,23.721217,1.232165,0
2018-09-21,sz.002588,4.5700,4.5900,4.5200,4.5800,4.5500,3799263,17312542.9100,3,0.520698,1,0.659335,22.531061,0.983882,23.877620,1.240289,0
2018-09-25,sz.002588,4.5500,4.5700,4.5200,4.5600,4.5800,3261600,14841305.3700,3,0.447010,1,-0.436681,22.432672,0.979586,23.773351,1.234873,0
2018-09-26,sz.002588,4.5600,4.5800,4.5000,4.5400,4.5600,4367800,19845231.0000,3,0.598617,1,-0.438596,22.334283,0.975289,23.669082,1.229457,0
2018-09-27,sz.002588,4.5500,4.5500,4.4600,4.4700,4.5400,3152000,14212852.0000,3,0.431989,1,-1.541854,21.989922,0.960252,23.304140,1.210501,0
2018-09-28,sz.002588,4.4800,4.5300,4.4400,4.5200,4.4700,3746400,16801736.7300,3,0.513453,1,1.118572,22.235894,0.970993,23.564813,1.224041,0
2018-10-08,sz.002588,4.4800,4.4800,4.3200,4.3300,4.5200,4679264,20563571.8400,3,0.641304,1,-4.203541,21.301200,0.930177,22.574257,1.172588,0
2018-10-09,sz.002588,4.3500,4.3700,4.3100,4.3400,4.3300,1879500,8160957.0000,3,0.257590,1,0.230952,21.350394,0.932325,22.626391,1.175296,0
2018-10-10,sz.002588,4.3400,4.3700,4.3000,4.3400,4.3400,1989179,8632425.2800,3,0.272622,1,0.000000,21.350394,0.932325,22.626391,1.175296,0
2018-10-11,sz.002588,4.2000,4.2500,3.9100,3.9100,4.3400,7496640,30368132.7200,3,1.027432,1,-9.907835,19.235033,0.839952,20.384606,1.058850,0
2018-10-12,sz.002588,3.9100,3.9400,3.7000,3.8200,3.9100,5038500,19242517.0500,3,0.690538,1,-2.301794,18.792282,0.820618,19.915395,1.034477,0
2018-10-15,sz.002588,3.8300,3.8700,3.7600,3.7900,3.8200,3793100,14474741.0000,3,0.519853,1,-0.785340,18.644699,0.814173,19.758991,1.026353,0
2018-10-16,sz.002588,3.8000,3.8300,3.7000,3.7300,3.7900,3393993,12713611.3900,3,0.465155,1,-1.583112,18.349532,0.801284,19.446184,1.010105,0
2018-10-17,sz.002588,3.7500,3.7700,3.6400,3.7300,3.7300,2761529,10266112.1400,3,0.378474,1,0.000000,18.349532,0.801284,19.446184,1.010105,0
2018-10-18,sz.002588,3.7000,3.7100,3.5300,3.5700,3.7300,3693922,13331954.0300,3,0.506261,1,-4.289546,17.562421,0.766913,18.612031,0.966776,0
2018-10-19,sz.002588,3.5400,3.6700,3.4600,3.6500,3.5700,3249088,11678606.4200,3,0.445295,1,2.240901,17.955977,0.784098,19.029108,0.988440,0
2018-10-22,sz.002588,3.6500,3.8700,3.6500,3.8200,3.6500,6149002,23332020.8600,3,0.842735,1,4.657530,18.792282,0.820618,19.915395,1.034477,0
2018-10-23,sz.002588,3.8300,3.8600,3.7300,3.7700,3.8200,3104346,11777725.1000,3,0.425458,1,-1.308899,18.546310,0.809877,19.654722,1.020937,0
2018-10-24,sz.002588,3.7500,3.8400,3.7400,3.7900,3.7700,2880157,10935151.1200,3,0.394732,1,0.530504,18.644699,0.814173,19.758991,1.026353,0
2018-10-25,sz.002588,3.7200,3.8100,3.6700,3.8100,3.7900,3304847,12311562.4800,3,0.452937,1,0.527704,18.743088,0.818470,19.863260,1.031769,0
2018-10-26,sz.002588,3.7800,3.8600,3.7800,3.8200,3.8100,3805723,14521064.6100,3,0.521583,1,0.262467,19.350918,0.785770,-615.886695,1.027709,0
2018-10-29,sz.002588,3.8000,3.8200,3.7300,3.7500,3.8200,2184400,8235349.9700,3,0.299377,1,-1.832459,18.996320,0.771371,-604.600814,1.008877,0
2018-10-30,sz.002588,3.7300,3.8400,3.7200,3.8100,3.7500,3331113,12594517.5000,3,0.456537,1,1.599998,19.300261,0.783713,-614.274427,1.025019,0
2018-10-31,sz.002588,3.8300,3.9200,3.8300,3.8800,3.8100,4129715,16041476.5500,3,0.565987,1,1.837275,19.654859,0.798112,-625.560308,1.043851,0
2018-11-01,sz.002588,3.8700,3.9800,3.8600,3.8800,3.8800,4654862,18266352.2900,3,0.637960,1,0.000000,19.654859,0.798112,-625.560308,1.043851,0
2018-11-02,sz.002588,3.9100,4.0300,3.9100,4.0000,3.8800,6082916,24165208.6200,3,0.833678,1,3.092781,20.262742,0.822796,-644.907534,1.076135,0
2018-11-05,sz.002588,3.9800,4.0700,3.9800,4.0700,4.0000,5102654,20522444.6300,3,0.699331,1,1.750004,20.617340,0.837195,-656.193416,1.094968,0
2018-11-06,sz.002588,4.0600,4.0600,3.9400,4.0200,4.0700,3748652,14967582.8300,3,0.513762,1,-1.228506,20.364055,0.826910,-648.132072,1.081516,0
2018-11-07,sz.002588,4.0200,4.1000,4.0000,4.0500,4.0200,4961870,20114558.6000,3,0.680036,1,0.746274,20.516026,0.833081,-652.968879,1.089587,0
2018-11-08,sz.002588,4.0700,4.0800,3.9900,4.0100,4.0500,3853784,15528083.6800,3,0.528170,1,-0.987653,20.313398,0.824853,-646.519803,1.078826,0
2018-11-09,sz.002588,3.9800,4.0300,3.9700,3.9800,4.0100,3099525,12402032.0000,3,0.424797,1,-0.748135,20.161428,0.818682,-641.682997,1.070755,0
2018-11-12,sz.002588,4.0000,4.1700,4.0000,4.1500,3.9800,6421197,26306509.1000,3,0.880040,1,4.271358,21.022594,0.853650,-669.091567,1.116491,0
2018-11-13,sz.002588,4.1000,4.3300,4.1000,4.2700,4.1500,6695494,28347813.5400,3,0.917633,1,2.891563,21.630477,0.878334,-688.438793,1.148775,0
2018-11-14,sz.002588,4.2900,4.3400,4.2400,4.2500,4.2700,5040185,21594846.6500,3,0.690769,1,-0.468384,21.529163,0.874220,-685.214255,1.143394,0
2018-11-15,sz.002588,4.3100,4.3500,4.2700,4.3400,4.2500,4376494,18910448.3000,3,0.599809,1,2.117651,21.985075,0.892733,-699.724675,1.167607,0
2018-11-16,sz.002588,4.3700,4.5200,4.3300,4.3800,4.3400,6134076,27058878.7500,3,0.840690,1,0.921658,22.187702,0.900961,-706.173750,1.178368,0
2018-11-19,sz.002588,4.3900,4.4400,4.2900,4.3800,4.3800,4937089,21508531.6100,3,0.676640,1,0.000000,22.187702,0.900961,-706.173750,1.178368,0
2018-11-20,sz.002588,4.3800,4.4000,4.2400,4.2600,4.3800,5179940,22306877.9200,3,0.709923,1,-2.739723,21.579820,0.876277,-686.826524,1.146084,0
2018-11-21,sz.002588,4.2000,4.3200,4.2000,4.3000,4.2600,3976188,16928822.4000,3,0.544946,1,0.938966,21.782447,0.884505,-693.275600,1.156846,0
2018-11-22,sz.002588,4.2900,4.3100,4.2200,4.2600,4.3000,3981482,16985742.9000,3,0.545672,1,-0.930232,21.579820,0.876277,-686.826524,1.146084,0
2018-11-23,sz.002588,4.2600,4.2900,4.0800,4.1000,4.2600,4707425,19505487.2800,3,0.645164,1,-3.755876,20.769310,0.843366,-661.030223,1.103039,0
2018-11-26,sz.002588,4.0700,4.1500,4.0000,4.0200,4.1000,3637322,14787600.0400,3,0.498504,1,-1.951218,20.364055,0.826910,-648.132072,1.081516,0
2018-11-27,sz.002588,4.0300,4.2000,4.0300,4.1600,4.0200,5175187,21428093.4500,3,0.709272,1,3.482584,21.073251,0.855707,-670.703836,1.119181,0
2018-11-28,sz.002588,4.1900,4.2100,4.0800,4.1700,4.1600,3622892,15028427.7000,3,0.496526,1,0.240390,21.123908,0.857764,-672.316105,1.121871,0
2018-11-29,sz.002588,4.2100,4.2100,4.0300,4.0600,4.1700,3825384,15776543.4400,3,0.524278,1,-2.637893,20.566683,0.835138,-654.581148,1.092277,0
2018-11-30,sz.002588,4.0200,4.2300,4.0200,4.1400,4.0600,3281319,13445939.5700,3,0.449713,1,1.970441,20.971938,0.851593,-667.479298,1.113800,0
2018-12-03,sz.002588,4.2300,4.3000,4.1800,4.2500,4.1400,6041161,25681120.4600,3,0.827956,1,2.657008,21.529163,0.874220,-685.214255,1.143394,0
2018-12-04,sz.002588,4.2500,4.3300,4.2100,4.3300,4.2500,4219370,18082886.1300,3,0.578275,1,1.882351,21.934418,0.890676,-698.112406,1.164917,0
2018-12-05,sz.002588,4.2400,4.3000,4.1800,4.2700,4.3300,3930976,16741220.8000,3,0.538750,1,-1.385680,21.630477,0.878334,-688.438793,1.148775,0
2018-12-06,sz.002588,4.2600,4.2700,4.1700,4.2000,4.2700,3274971,13794208.4300,3,0.448843,1,-1.639348,21.275879,0.863935,-677.152911,1.129942,0
2018-12-07,sz.002588,4.1900,4.2300,4.1700,4.2000,4.2000,2618600,11010710.0000,3,0.358885,1,0.000000,21.275879,0.863935,-677.152911,1.129942,0
2018-12-10,sz.002588,4.2300,4.2700,4.1300,4.1400,4.2000,4720560,19838160.1800,3,0.646964,1,-1.428570,20.971938,0.851593,-667.479298,1.113800,0
2018-12-11,sz.002588,4.1300,4.3200,4.1300,4.2800,4.1400,5678268,24136429.6400,3,0.778220,1,3.381651,21.681134,0.880391,-690.051062,1.151465,0
2018-12-12,sz.002588,4.3500,4.3500,4.2100,4.2200,4.2800,3745230,15935444.6300,3,0.513293,1,-1.401879,21.377192,0.868049,-680.377449,1.135323,0
2018-12-13,sz.002588,4.2500,4.2900,4.2000,4.2600,4.2200,3854100,16384573.9600,3,0.528214,1,0.947878,21.579820,0.876277,-686.826524,1.146084,0
2018-12-14,sz.002588,4.2600,4.2800,4.1200,4.1500,4.2600,3932800,16479899.4800,3,0.539000,1,-2.582163,21.022594,0.853650,-669.091567,1.116491,0
2018-12-17,sz.002588,4.1700,4.2000,4.0500,4.1600,4.1500,3048900,12573659.0000,3,0.417859,1,0.240958,21.073251,0.855707,-670.703836,1.119181,0
2018-12-18,sz.002588,4.1500,4.1500,4.0200,4.0600,4.1600,3894066,15870614.3000,3,0.533691,1,-2.403844,20.566683,0.835138,-654.581148,1.092277,0
2018-12-19,sz.002588,4.0900,4.0900,4.0000,4.0100,4.0600,3149900,12681503.1100,3,0.431701,1,-1.231520,20.313398,0.824853,-646.519803,1.078826,0
2018-12-20,sz.002588,4.0100,4.0400,3.9300,4.0200,4.0100,3867688,15485112.7800,3,0.530076,1,0.249370,20.364055,0.826910,-648.132072,1.081516,0
2018-12-21,sz.002588,3.9800,4.0600,3.9700,4.0200,4.0200,2114747,8481965.3800,3,0.289831,1,0.000000,20.364055,0.826910,-648.132072,1.081516,0
2018-12-24,sz.002588,4.0300,4.0300,3.9500,4.0000,4.0200,2882600,11516671.0000,3,0.395067,1,-0.497512,20.262742,0.822796,-644.907534,1.076135,0
2018-12-25,sz.002588,3.9600,3.9700,3.7900,3.9300,4.0000,4892659,18949751.3500,3,0.670551,1,-1.749998,19.908144,0.808397,-633.621653,1.057303,0
2018-12-26,sz.002588,3.9100,3.9500,3.8800,3.9300,3.9300,2134752,8352024.8400,3,0.292573,1,0.000000,19.908144,0.808397,-633.621653,1.057303,0
2018-12-27,sz.002588,3.9800,4.0200,3.8700,3.8700,3.9300,2619593,10315035.0200,3,0.359021,1,-1.526722,19.604203,0.796055,-623.948040,1.041161,0
2018-12-28,sz.002588,3.9200,3.9300,3.8600,3.8900,3.8700,1706844,6644549.4400,3,0.233927,1,0.516802,19.705516,0.800169,-627.172577,1.046542,0
2019-01-02,sz.002588,3.9000,3.9000,3.8000,3.8100,3.8900,2841517,10898283.6900,3,0.389437,1,-2.056559,19.300261,0.783713,-614.274427,1.025019,0
2019-01-03,sz.002588,3.7800,3.8600,3.7600,3.7900,3.8100,1771038,6738482.1400,3,0.242725,1,-0.524934,19.198948,0.779599,-611.049889,1.019638,0
2019-01-04,sz.002588,3.7600,3.9000,3.7600,3.9000,3.7900,2675954,10310919.1400,3,0.366746,1,2.902378,19.756173,0.802226,-628.784846,1.049232,0
2019-01-07,sz.002588,3.9300,3.9700,3.9100,3.9600,3.9000,3154100,12419780.0000,3,0.432277,1,1.538460,20.060114,0.814568,-638.458459,1.065374,0
2019-01-08,sz.002588,3.9400,3.9800,3.9200,3.9500,3.9600,2812580,11122142.0000,3,0.385471,1,-0.252525,20.009457,0.812511,-636.846190,1.062684,0
2019-01-09,sz.002588,3.9600,4.0500,3.9600,3.9800,3.9500,3439180,13818390.0100,3,0.471348,1,0.759493,20.161428,0.818682,-641.682997,1.070755,0
2019-01-10,sz.002588,4.0200,4.0200,3.9700,4.0000,3.9800,2146842,8589680.2000,3,0.294230,1,0.502512,20.262742,0.822796,-644.907534,1.076135,0
2019-01-11,sz.002588,3.9700,4.0100,3.9500,4.0100,4.0000,2715862,10808685.7600,3,0.372215,1,0.250006,20.313398,0.824853,-646.519803,1.078826,0
2019-01-14,sz.002588,4.0100,4.0500,3.9500,3.9900,4.0100,2137068,8534530.7200,3,0.292890,1,-0.498758,20.212085,0.820739,-643.295266,1.073445,0
2019-01-15,sz.002588,3.9800,4.0500,3.9600,4.0500,3.9900,2513953,10088940.8300,3,0.344543,1,1.503764,20.516026,0.833081,-652.968879,1.089587,0
2019-01-16,sz.002588,4.0300,4.1100,4.0000,4.0500,4.0500,3696719,14959018.3800,3,0.506644,1,0.000000,20.516026,0.833081,-652.968879,1.089587,0
2019-01-17,sz.002588,4.0500,4.0500,4.0100,4.0100,4.0500,2269523,9145157.3200,3,0.311044,1,-0.987653,20.313398,0.824853,-646.519803,1.078826,0
2019-01-18,sz.002588,4.0500,4.3200,4.0200,4.1600,4.0100,10117709,42087741.4100,3,1.386656,1,3.740638,21.073251,0.855707,-670.703836,1.119181,0
2019-01-21,sz.002588,4.1300,4.4900,4.0900,4.3500,4.1600,15170682,65108252.7400,3,2.079178,1,4.567309,22.035732,0.894790,-701.336944,1.170297,0
2019-01-22,sz.002588,4.3400,4.3800,4.1800,4.2300,4.3500,9814004,41681422.7200,3,1.345033,1,-2.758618,21.427849,0.870106,-681.989718,1.138013,0
2019-01-23,sz.002588,4.2100,4.3600,4.1900,4.3600,4.2300,12598610,53903261.2200,3,1.726670,1,3.073289,22.086388,0.896847,-702.949213,1.172988,0
2019-01-24,sz.002588,4.3100,4.6700,4.2300,4.5300,4.3600,22589147,100488470.9700,3,3.095897,1,3.899084,22.947555,0.931816,-730.357783,1.218723,0
2019-01-25,sz.002588,4.4800,4.4800,4.3000,4.3200,4.5300,16749872,73611870.0500,3,2.295610,1,-4.635762,21.883761,0.888619,-696.500137,1.162226,0
2019-01-28,sz.002588,4.3200,4.3200,4.1400,4.1900,4.3200,11029536,46478710.4800,3,1.511624,1,-3.009262,21.225222,0.861878,-675.540642,1.127252,0
2019-01-29,sz.002588,4.1500,4.2800,4.0800,4.1300,4.1900,8884967,36868147.7000,3,1.217706,1,-1.431980,20.921281,0.849537,-665.867029,1.111110,0
2019-01-30,sz.002588,4.1200,4.1200,3.9600,3.9600,4.1300,8592826,34623774.9100,3,1.177667,1,-4.116224,20.060114,0.814568,-638.458459,1.065374,0
2019-01-31,sz.002588,3.9200,4.0200,3.8500,3.9000,3.9600,5844056,23050420.1800,3,0.800942,1,-1.515150,19.756173,0.802226,-628.784846,1.049232,0
2019-02-01,sz.002588,3.9300,3.9900,3.9000,3.9900,3.9000,4588554,18122430.0300,3,0.628872,1,2.307690,20.212085,0.820739,-643.295266,1.073445,0
2019-02-11,sz.002588,4.0100,4.1100,3.9900,4.1000,3.9900,5312260,21549753.6000,3,0.728058,1,2.756890,20.769310,0.843366,-661.030223,1.103039,0
2019-02-12,sz.002588,4.1100,4.2300,4.0900,4.2300,4.1000,8206249,34158913.8700,3,1.124686,1,3.170735,21.427849,0.870106,-681.989718,1.138013,0
2019-02-13,sz.002588,4.2100,4.5000,4.1800,4.3500,4.2300,14457759,63054551.5800,3,1.981470,1,2.836877,22.035732,0.894790,-701.336944,1.170297,0
2019-02-14,sz.002588,4.3200,4.4000,4.2600,4.3800,4.3500,9245153,40010929.2300,3,1.267070,1,0.689660,22.187702,0.900961,-706.173750,1.178368,0
2019-02-15,sz.002588,4.3800,4.5800,4.3300,4.3500,4.3800,13398810,59340336.7800,3,1.836339,1,-0.684936,22.035732,0.894790,-701.336944,1.170297,0
2019-02-18,sz.002588,4.3500,4.4800,4.3500,4.4700,4.3500,14648185,64824892.3900,3,2.007569,1,2.758618,22.643614,0.919474,-720.684170,1.202581,0
2019-02-19,sz.002588,4.5000,4.6400,4.4400,4.6400,4.4700,26074077,118632251.0300,3,3.573515,1,3.803134,23.504780,0.954443,-748.092740,1.248317,0
2019-02-20,sz.002588,4.7500,4.9400,4.5400,4.5600,4.6400,35460394,168345660.9300,3,4.859932,1,-1.724136,23.099525,0.937987,-735.194589,1.226794,0
2019-02-21,sz.002588,4.5100,4.6200,4.4300,4.4500,4.5600,21277174,95634230.2200,3,2.916088,1,-2.412284,22.542300,0.915360,-717.459632,1.197201,0
2019-02-22,sz.002588,4.4400,4.6000,4.4100,4.5500,4.4500,16418240,74365798.2300,3,2.250159,1,2.247200,23.048869,0.935930,-733.582320,1.224104,0
2019-02-25,sz.002588,4.5600,4.7900,4.5500,4.7700,4.5500,26171133,122845728.8700,3,3.586816,1,4.835160,24.163319,0.981184,-769.052235,1.283291,0
2019-02-26,sz.002588,4.7700,4.8800,4.6600,4.7600,4.7700,21318732,101388643.3000,3,2.921783,1,-0.209638,24.112663,0.979127,-767.439966,1.280601,0
2019-02-27,sz.002588,4.7300,4.8500,4.6800,4.7500,4.7600,14802168,70589908.0000,3,2.028673,1,-0.210089,24.062006,0.977070,-765.827697,1.277911,0
2019-02-28,sz.002588,4.7600,4.9300,4.7600,4.8600,4.7500,18313827,88907886.5500,3,2.509954,1,2.315792,26.857092,0.987578,-783.562654,1.307505,0
2019-03-01,sz.002588,4.8800,4.9200,4.7600,4.8400,4.8600,10409085,50188756.6000,3,1.426590,1,-0.411522,26.746569,0.983514,-780.338117,1.302124,0
2019-03-04,sz.002588,4.8500,4.9600,4.8200,4.8600,4.8400,19688924,96179909.2500,3,2.698414,1,0.413223,26.857092,0.987578,-783.562654,1.307505,0
2019-03-05,sz.002588,4.8500,4.9100,4.8100,4.9100,4.8600,15954198,77550460.1400,3,2.186561,1,1.028801,27.133400,0.997738,-791.623999,1.320956,0
2019-03-06,sz.002588,4.9300,5.1000,4.8800,5.0500,4.9100,22065878,110007845.2900,3,3.024181,1,2.851331,27.907061,1.026187,-814.195762,1.358621,0
2019-03-07,sz.002588,5.0700,5.1200,4.9700,5.1000,5.0500,19122312,96769803.8000,3,2.620759,1,0.990093,28.183368,1.036347,-822.257106,1.372073,0
2019-03-08,sz.002588,5.0400,5.0700,4.9000,5.0000,5.1000,22224322,110882759.7300,3,3.045897,1,-1.960783,27.630753,1.016027,-806.134418,1.345169,0
2019-03-11,sz.002588,5.0000,5.2900,4.9300,5.2400,5.0000,20497692,104954863.7700,3,2.809258,1,4.799995,28.957029,1.064796,-844.828870,1.409737,0
2019-03-12,sz.002588,5.2500,5.3100,5.1700,5.2300,5.2400,20585991,107766860.1000,3,2.821359,1,-0.190835,28.901768,1.062764,-843.216601,1.407047,0
2019-03-13,sz.002588,5.2000,5.2100,5.0500,5.0800,5.2300,12989652,66733671.0200,3,1.780263,1,-2.868071,28.072845,1.032283,-819.032569,1.366692,0
2019-03-14,sz.002588,5.0600,5.1400,5.0000,5.0100,5.0800,13264320,66739277.8800,3,1.817907,1,-1.377947,27.686015,1.018059,-807.746687,1.347860,0
2019-03-15,sz.002588,5.0300,5.1000,5.0100,5.0500,5.0100,9773646,49481854.9200,3,1.339502,1,0.798402,27.907061,1.026187,-814.195762,1.358621,0
2019-03-18,sz.002588,5.0400,5.1300,5.0300,5.1200,5.0500,9585371,48641426.3000,3,1.313698,1,1.386133,28.293891,1.040411,-825.481644,1.377453,0
2019-03-19,sz.002588,5.0900,5.1500,5.0500,5.0700,5.1200,8841396,45047999.5600,3,1.211734,1,-0.976557,28.017584,1.030251,-817.420300,1.364002,0
2019-03-20,sz.002588,5.0700,5.1000,4.9600,5.0600,5.0700,11631069,58616598.5200,3,1.594066,1,-0.197243,27.962322,1.028219,-815.808031,1.361311,0
2019-03-21,sz.002588,5.0900,5.1900,5.0600,5.1200,5.0600,11634518,59644261.4100,3,1.594539,1,1.185770,28.293891,1.040411,-825.481644,1.377453,0
2019-03-22,sz.002588,5.1400,5.1800,5.0500,5.1400,5.1200,9710963,49689567.8000,3,1.330911,1,0.390625,28.404414,1.044475,-828.706182,1.382834,0
2019-03-25,sz.002588,5.0900,5.1400,5.0600,5.0900,5.1400,7415500,37900919.4000,3,1.016312,1,-0.972757,28.128107,1.034315,-820.644838,1.369382,0
2019-03-26,sz.002588,5.0800,5.1200,5.0000,5.0300,5.0900,10061200,50638209.1000,3,1.378912,1,-1.178781,27.796538,1.022123,-810.971225,1.353240,0
2019-03-27,sz.002588,5.0300,5.0400,4.9200,4.9900,5.0300,8816101,43764061.9600,3,1.208268,1,-0.795237,27.575492,1.013994,-804.522149,1.342479,0
2019-03-28,sz.002588,4.9700,4.9900,4.8700,4.8700,4.9900,4988100,24651659.0000,3,0.683631,1,-2.404808,26.912354,0.989610,-785.174923,1.310195,0
2019-03-29,sz.002588,4.9000,5.0000,4.8800,5.0000,4.8700,9524227,47153223.3500,3,1.305318,1,2.669407,27.630753,1.016027,-806.134418,1.345169,0
2019-04-01,sz.002588,5.0100,5.1400,5.0100,5.1300,5.0000,15653901,79749562.8300,3,2.145405,1,2.600002,28.349153,1.042443,-827.093913,1.380144,0
2019-04-02,sz.002588,5.1500,5.2500,5.1100,5.1900,5.1300,14354182,74315925.6000,3,1.967275,1,1.169590,28.680722,1.054636,-836.767526,1.396286,0
2019-04-03,sz.002588,5.1700,5.2200,5.1300,5.2000,5.1900,8716193,45104957.8400,3,1.194575,1,0.192673,28.735983,1.056668,-838.379795,1.398976,0
2019-04-04,sz.002588,5.2200,5.4500,5.1800,5.3900,5.2000,24344543,128860769.0800,3,3.336478,1,3.653847,29.785952,1.095277,-869.012903,1.450092,0
2019-04-08,sz.002588,5.4900,5.9300,5.4800,5.9300,5.3900,56609064,328804957.5800,3,7.758408,1,10.018550,32.770073,1.205007,-956.075420,1.595371,0
2019-04-09,sz.002588,5.7800,5.7800,5.5800,5.6200,5.9300,31007950,175550998.4100,3,4.249714,1,-5.227655,31.056967,1.142014,-906.095086,1.511970,0
2019-04-10,sz.002588,5.5700,5.7400,5.4100,5.5400,5.6200,20408536,112520486.6600,3,2.797039,1,-1.423486,30.614875,1.125757,-893.196935,1.490448,0
2019-04-11,sz.002588,5.5400,5.5500,5.3500,5.3700,5.5400,11647080,63281924.8000,3,1.596260,1,-3.068594,29.675429,1.091212,-865.788365,1.444712,0
2019-04-12,sz.002588,5.3700,5.4400,5.3500,5.4300,5.3700,6925477,37378861.0200,3,0.949153,1,1.117317,30.006998,1.103405,-875.461978,1.460854,0
2019-04-15,sz.002588,5.4900,5.5100,5.3500,5.3500,5.4300,9726276,52806812.0100,3,1.333009,1,-1.473295,29.564906,1.087148,-862.563827,1.439331,0
2019-04-16,sz.002588,5.3700,5.4300,5.3000,5.4100,5.3500,9846375,52761905.1300,3,1.349469,1,1.121494,29.896475,1.099341,-872.237440,1.455473,0
2019-04-17,sz.002588,5.4100,5.5000,5.3500,5.4800,5.4100,11051035,60074278.1100,3,1.514571,1,1.293903,30.283306,1.113565,-883.523322,1.474306,0
2019-04-18,sz.002588,5.4600,5.4600,5.3600,5.3700,5.4800,7208610,38990669.4900,3,0.987957,1,-2.007302,29.675429,1.091212,-865.788365,1.444712,0
2019-04-19,sz.002588,5.3600,5.6500,5.2800,5.5700,5.3700,16352239,88922001.7200,3,2.241113,1,3.724400,30.780659,1.131854,-898.033742,1.498519,0
2019-04-22,sz.002588,5.5200,5.7700,5.4400,5.6300,5.5700,24387746,137384064.8900,3,3.342399,1,1.077198,31.112228,1.144046,-907.707355,1.514661,0
2019-04-23,sz.002588,5.5500,5.5600,5.3800,5.4100,5.6300,12714071,69113020.5100,3,1.742494,1,-3.907642,29.896475,1.099341,-872.237440,1.455473,0
2019-04-24,sz.002588,5.4100,5.4900,5.3600,5.4500,5.4100,7042323,38192196.3100,3,0.965167,1,0.739371,30.117521,1.107469,-878.686516,1.466235,0
2019-04-25,sz.002588,5.4100,5.4400,5.1500,5.1900,5.4500,12161233,64296139.2300,3,1.666726,1,-4.770638,28.680722,1.054636,-836.767526,1.396286,0
2019-04-26,sz.002588,5.1800,5.2200,5.0000,5.0900,5.1900,8818900,45036991.3700,3,1.208651,1,-1.926780,28.128107,1.034315,-820.644838,1.369382,0
2019-04-29,sz.002588,5.0500,5.0600,4.8900,4.9300,5.0900,7921998,39231450.7000,3,1.053226,1,-3.143425,36.242225,0.958001,36.587042,1.315484,0
2019-04-30,sz.002588,4.9300,4.9900,4.9000,4.9200,4.9300,4170137,20656696.0700,3,0.554418,1,-0.202835,36.168712,0.956057,36.512829,1.312816,0
2019-05-06,sz.002588,4.9000,4.9100,4.5800,4.6300,4.9200,10180510,48706848.8100,3,1.353495,1,-5.894308,34.036816,0.899704,34.360650,1.235434,0
2019-05-07,sz.002588,4.6300,4.7200,4.6100,4.6900,4.6300,3992604,18635294.8000,3,0.530815,1,1.295895,34.477898,0.911364,34.805928,1.251444,0
2019-05-08,sz.002588,4.6500,4.7600,4.5700,4.7200,4.6900,3138921,14753883.5700,3,0.417318,1,0.639653,34.698439,0.917193,35.028568,1.259449,0
2019-05-09,sz.002588,4.6500,4.7700,4.6400,4.7700,4.7200,2785285,13117075.2000,3,0.370302,1,1.059326,35.066007,0.926909,35.399633,1.272791,0
2019-05-10,sz.002588,4.7800,4.9600,4.7700,4.9300,4.7700,6277891,30782102.2400,3,0.834643,1,3.354295,36.242225,0.958001,36.587042,1.315484,0
2019-05-13,sz.002588,4.9100,5.0000,4.8700,4.9700,4.9300,3892973,19169196.2400,3,0.517569,1,0.811358,36.536280,0.965773,36.883894,1.326157,0
2019-05-14,sz.002588,4.9100,4.9700,4.8800,4.8900,4.9700,2746720,13517205.6000,3,0.365175,1,-1.609656,35.948171,0.950228,36.290190,1.304811,0
2019-05-15,sz.002588,5.3000,5.3000,4.9500,4.9800,4.8900,10136790,51285620.7000,3,1.347682,1,1.840494,36.609794,0.967717,36.958107,1.328826,0
2019-05-16,sz.002588,5.1000,5.2000,5.0000,5.1400,4.9800,11271868,57714528.4400,3,1.498590,1,3.212848,37.786012,0.998808,38.145516,1.371519,0
2019-05-17,sz.002588,5.1400,5.3900,5.0300,5.0900,5.1400,17045968,89273320.3500,3,2.266254,1,-0.972757,37.418444,0.989092,37.774451,1.358177,0
2019-05-20,sz.002588,5.0000,5.0200,4.7900,4.8300,5.0900,10025990,48768012.7000,3,1.332951,1,-5.108059,35.507089,0.938568,35.844911,1.288801,0
2019-05-21,sz.002588,4.8000,4.8900,4.8000,4.8400,4.8300,5592828,27121224.0200,3,0.743564,1,0.207044,35.580603,0.940512,35.919124,1.291469,0
2019-05-22,sz.002588,4.8300,4.8400,4.7600,4.8400,4.8400,4033702,19374898.5200,3,0.536279,1,0.000000,35.580603,0.940512,35.919124,1.291469,0
2019-05-23,sz.002588,4.8300,4.8400,4.7300,4.8400,4.8400,3189100,15255094.8200,3,0.423990,1,0.000000,35.580603,0.940512,35.919124,1.291469,0
2019-05-24,sz.002588,4.7900,4.8400,4.7500,4.8400,4.8400,2530400,12160226.8000,3,0.336416,1,0.000000,35.580603,0.940512,35.919124,1.291469,0
2019-05-27,sz.002588,4.8000,4.9400,4.8000,4.9300,4.8400,3909106,19050347.0200,3,0.519714,1,1.859497,36.242225,0.958001,36.587042,1.315484,0
2019-05-28,sz.002588,4.9200,4.9400,4.8800,4.8800,4.9300,3001000,14742368.0000,3,0.398982,1,-1.014193,35.874657,0.948285,36.215977,1.302142,0
2019-05-29,sz.002588,4.8800,4.9200,4.8300,4.8700,4.8800,2733006,13315668.8100,3,0.363352,1,-0.204923,35.801144,0.946341,36.141764,1.299474,0
2019-05-30,sz.002588,4.8700,5.0000,4.8400,4.9500,4.8700,5319944,26266138.2400,3,0.707284,1,1.642709,36.389253,0.961887,36.735468,1.320821,0
2019-05-31,sz.002588,4.9200,4.9700,4.8600,4.9400,4.9500,3434742,16893396.1200,3,0.456648,1,-0.202015,36.315739,0.959944,36.661255,1.318152,0
2019-06-03,sz.002588,4.9100,4.9500,4.7800,4.8000,4.9400,3552980,17214562.2000,3,0.472367,1,-2.834005,35.286548,0.932739,35.622272,1.280796,0
2019-06-04,sz.002588,4.8000,4.8100,4.6300,4.6600,4.8000,4568700,21556290.0000,3,0.607407,1,-2.916674,34.257357,0.905534,34.583289,1.243439,0
2019-06-05,sz.002588,4.6800,4.7400,4.6400,4.6600,4.6600,2805000,13140539.0000,3,0.372924,1,0.000000,34.257357,0.905534,34.583289,1.243439,0
2019-06-06,sz.002588,4.6500,4.6700,4.4000,4.6500,4.6600,6593364,29874094.6300,3,0.876585,1,-0.214587,34.183843,0.903591,34.509076,1.240771,0
2019-06-10,sz.002588,4.5900,4.6600,4.5400,4.5900,4.6500,3238175,14850225.7500,3,0.430514,1,-1.290321,33.742762,0.891932,34.063798,1.224761,0
2019-06-11,sz.002588,4.5900,4.7100,4.5400,4.6900,4.5900,5187780,24039634.6000,3,0.689713,1,2.178647,34.477898,0.911364,34.805928,1.251444,0
2019-06-12,sz.002588,4.6800,4.6800,4.5900,4.6500,4.6700,5075095,23566269.7500,3,0.674732,1,-0.428265,34.183843,0.903591,34.509076,1.240771,0
2019-06-13,sz.002588,4.6300,4.6700,4.5900,4.6500,4.6500,4091781,18935258.3900,3,0.544001,1,0.000000,34.183843,0.903591,34.509076,1.240771,0
2019-06-14,sz.002588,4.6500,4.6500,4.4700,4.6000,4.6500,6461830,29388767.1400,3,0.859098,1,-1.075273,33.816275,0.893875,34.138011,1.227429,0
2019-06-17,sz.002588,4.5500,4.5600,4.4500,4.4800,4.6000,3913180,17600524.8000,3,0.520256,1,-2.608693,32.934112,0.870556,33.247454,1.195409,0
2019-06-18,sz.002588,4.4600,4.4800,4.3900,4.4100,4.4800,3714972,16439749.3800,3,0.493904,1,-1.562504,32.419516,0.856954,32.727963,1.176731,0
2019-06-19,sz.002588,4.4800,4.5100,4.4200,4.4300,4.4100,4521265,20167348.6200,3,0.601100,1,0.453514,32.566543,0.860840,32.876389,1.182068,0
2019-06-20,sz.002588,4.4500,4.5100,4.4000,4.4900,4.4300,5023719,22400910.1200,3,0.667901,1,1.354401,33.007625,0.872499,33.321667,1.198078,0
2019-06-21,sz.002588,4.5000,4.6500,4.4900,4.6200,4.4900,7804019,35826087.0900,3,1.037541,1,2.895326,33.963303,0.897761,34.286437,1.232766,0
2019-06-24,sz.002588,4.5900,4.8300,4.5900,4.7300,4.6200,10225656,48196535.8600,3,1.359497,1,2.380955,34.771953,0.919136,35.102781,1.262117,0
2019-06-25,sz.002588,4.6700,4.6900,4.5600,4.6000,4.7300,6067300,28000707.6000,3,0.806645,1,-2.748417,33.816275,0.893875,34.138011,1.227429,0
2019-06-26,sz.002588,4.5600,4.5900,4.5000,4.5300,4.6000,2758800,12557112.0000,3,0.366781,1,-1.521733,33.301680,0.880272,33.618519,1.208751,0
2019-06-27,sz.002588,4.5300,4.5800,4.4800,4.5000,4.5300,3909344,17697561.1200,3,0.519746,1,-0.662256,33.081139,0.874443,33.395880,1.200746,0
2019-06-28,sz.002588,4.4900,4.5000,4.4200,4.4600,4.5000,2666852,11878050.8600,3,0.354557,1,-0.888888,32.787084,0.866670,33.099028,1.190073,0
2019-07-01,sz.002588,4.5100,4.5700,4.4900,4.5500,4.4600,5946651,26929369.6700,3,0.790605,1,2.017941,33.448707,0.884159,33.766946,1.214088,0
2019-07-02,sz.002588,4.5500,4.5700,4.5200,4.5300,4.5500,2477429,11248736.8600,3,0.329373,1,-0.439560,33.301680,0.880272,33.618519,1.208751,0
2019-07-03,sz.002588,4.5200,4.5400,4.4600,4.4800,4.5300,2749008,12326650.2600,3,0.365479,1,-1.103757,32.934112,0.870556,33.247454,1.195409,0
2019-07-04,sz.002588,4.4700,4.5100,4.4600,4.4700,4.4800,1652900,7418359.0000,3,0.219752,1,-0.223219,32.860598,0.868613,33.173241,1.192741,0
2019-07-05,sz.002588,4.4800,4.5000,4.4600,4.4800,4.4700,1267476,5678007.7200,3,0.168510,1,0.223719,32.934112,0.870556,33.247454,1.195409,0
2019-07-08,sz.002588,4.4900,4.4900,4.3400,4.3400,4.4800,3318654,14544084.2800,3,0.441214,1,-3.124997,31.904921,0.843351,32.208471,1.158053,0
2019-07-09,sz.002588,4.3700,4.3800,4.3100,4.3600,4.3400,1564135,6796228.0400,3,0.207951,1,0.460829,32.051948,0.847238,32.356897,1.163389,0
2019-07-10,sz.002588,4.3600,4.3800,4.3300,4.3400,4.3600,1274437,5549622.2400,3,0.169436,1,-0.458715,31.904921,0.843351,32.208471,1.158053,0
2019-07-11,sz.002588,4.3500,4.4100,4.3400,4.3500,4.3400,1521105,6642001.7500,3,0.202230,1,0.230409,31.978434,0.845295,32.282684,1.160721,0
2019-07-12,sz.002588,4.3500,4.5200,4.3500,4.4800,4.3500,4934524,22001581.5600,3,0.656043,1,2.988508,32.934112,0.870556,33.247454,1.195409,0
2019-07-15,sz.002588,4.4500,4.9300,4.3500,4.7000,4.4800,13953337,64573605.6400,3,1.855090,1,4.910710,34.551412,0.913307,34.880142,1.254112,0
2019-07-16,sz.002588,4.6000,4.8400,4.5700,4.7000,4.7000,12158919,57096096.6200,3,1.616523,1,0.000000,34.551412,0.913307,34.880142,1.254112,0
2019-07-17,sz.002588,4.6900,4.7900,4.6300,4.6900,4.7000,7246468,34036570.8400,3,0.963415,1,-0.212761,34.477898,0.911364,34.805928,1.251444,0
2019-07-18,sz.002588,4.6100,4.7000,4.5400,4.6000,4.6900,6298315,29012366.6400,3,0.837358,1,-1.918980,33.816275,0.893875,34.138011,1.227429,0
2019-07-19,sz.002588,4.5700,4.6300,4.4700,4.4900,4.6000,7460557,33901798.1700,3,0.991878,1,-2.391307,33.007625,0.872499,33.321667,1.198078,0
2019-07-22,sz.002588,4.4600,4.4700,4.2800,4.3000,4.4900,5948805,25822334.8600,3,0.790891,1,-4.231617,31.610866,0.835579,31.911619,1.147380,0
2019-07-23,sz.002588,4.2700,4.3700,4.2700,4.3500,4.3000,2409404,10463330.4400,3,0.320329,1,1.162784,31.978434,0.845295,32.282684,1.160721,0
2019-07-24,sz.002588,4.3500,4.4500,4.3300,4.3800,4.3500,3304490,14522285.8800,3,0.439331,1,0.689660,32.198975,0.851124,32.505323,1.168726,0
2019-07-25,sz.002588,4.3700,4.4000,4.3500,4.3800,4.3800,2147063,9387040.6800,3,0.285451,1,0.000000,32.198975,0.851124,32.505323,1.168726,0
2019-07-26,sz.002588,4.3800,4.3800,4.3200,4.3600,4.3800,1675600,7285053.0000,3,0.222800,1,-0.456600,32.051948,0.847238,32.356897,1.163389,0
2019-07-29,sz.002588,4.3600,4.3700,4.2700,4.2900,4.3600,3201200,13774839.0000,3,0.425598,1,-1.605508,31.537352,0.833635,31.837406,1.144711,0
2019-07-30,sz.002588,4.2900,4.3300,4.2700,4.2700,4.2900,3410600,14660590.0000,3,0.453400,1,-0.466200,31.390325,0.829749,31.688980,1.139375,0
2019-07-31,sz.002588,4.2700,4.3100,4.2500,4.2900,4.2700,2414267,10317029.4200,3,0.321000,1,0.468400,31.537352,0.833635,31.837406,1.144711,0
2019-08-01,sz.002588,4.2700,4.3000,4.2400,4.2600,4.2900,1516500,6472146.0000,3,0.201600,1,-0.699300,31.316811,0.827806,31.614767,1.136706,0
2019-08-02,sz.002588,4.1300,4.2200,4.1300,4.1700,4.2600,2540367,10620540.7200,3,0.337700,1,-2.112700,30.655189,0.810317,30.946849,1.112691,0
2019-08-05,sz.002588,4.1500,4.1800,4.0900,4.1100,4.1700,2129758,8798340.2200,3,0.283200,1,-1.438800,30.214107,0.798658,30.501571,1.096681,0
2019-08-06,sz.002588,4.0700,4.0700,3.9500,4.0300,4.1100,3269720,13081060.2500,3,0.434700,1,-1.946500,29.625998,0.783112,29.907866,1.075335,0
2019-08-07,sz.002588,4.0300,4.1000,4.0200,4.0500,4.0300,1897825,7685323.5000,3,0.252300,1,0.496300,29.773025,0.786998,30.056292,1.080671,0
2019-08-08,sz.002588,4.0500,4.0900,4.0400,4.0700,4.0500,1189925,4835176.5000,3,0.158200,1,0.493800,29.920052,0.790885,30.204718,1.086008,0
2019-08-09,sz.002588,4.0900,4.1000,4.0000,4.0100,4.0700,1774402,7167754.2500,3,0.235900,1,-1.474200,29.478970,0.779226,29.759440,1.069998,0
2019-08-12,sz.002588,4.0100,4.0400,3.9700,4.0300,4.0100,1693985,6774011.3000,3,0.225200,1,0.498800,29.625998,0.783112,29.907866,1.075335,0
2019-08-13,sz.002588,4.0300,4.0300,3.9800,3.9900,4.0300,923100,3687768.0000,3,0.122700,1,-0.992600,29.331943,0.775339,29.611014,1.064661,0
2019-08-14,sz.002588,4.0300,4.0400,4.0000,4.0200,3.9900,1430492,5751695.0000,3,0.190200,1,0.751900,29.552484,0.781169,29.833653,1.072666,0
2019-08-15,sz.002588,3.9700,4.0000,3.9000,4.0000,4.0200,2181305,8592855.5500,3,0.290000,1,-0.497500,29.405457,0.777282,29.685227,1.067330,0
2019-08-16,sz.002588,3.9800,4.0200,3.9600,3.9900,4.0000,1925932,7694700.0400,3,0.256100,1,-0.250000,29.331943,0.775339,29.611014,1.064661,0
2019-08-19,sz.002588,4.0100,4.0800,4.0000,4.0800,3.9900,2957050,11979162.6800,3,0.393100,1,2.255600,29.993566,0.792828,30.278931,1.088676,0
2019-08-20,sz.002588,4.0800,4.1500,4.0700,4.1000,4.0800,2945400,12103373.0000,3,0.391600,1,0.490200,30.140593,0.796714,30.427358,1.094013,0
2019-08-21,sz.002588,4.1000,4.1300,4.0600,4.1000,4.1000,1976200,8092870.0000,3,0.262700,1,0.000000,30.140593,0.796714,30.427358,1.094013,0
2019-08-22,sz.002588,4.1100,4.1200,4.0500,4.1000,4.1000,2405832,9826981.2000,3,0.319900,1,0.000000,30.140593,0.796714,30.427358,1.094013,0
2019-08-23,sz.002588,4.0900,4.1300,4.0600,4.0900,4.1000,2862199,11717420.9000,3,0.380500,1,-0.243900,30.067080,0.794771,30.353144,1.091345,0
2019-08-26,sz.002588,4.0500,4.0500,4.0100,4.0400,4.0900,1929100,7774484.0000,3,0.256500,1,-1.222500,29.699511,0.785055,29.982079,1.078003,0
2019-08-27,sz.002588,4.0400,4.1300,4.0300,4.1200,4.0400,3643567,14930264.3700,3,0.484400,1,1.980200,38.135560,0.809432,31.760595,1.089739,0
2019-08-28,sz.002588,4.1100,4.1400,4.1000,4.1100,4.1200,2635155,10857642.8100,3,0.350400,1,-0.242700,38.042998,0.807467,31.683506,1.087094,0
2019-08-29,sz.002588,4.1100,4.1400,4.1000,4.1100,4.1100,1473500,6073337.0000,3,0.195900,1,0.000000,38.042998,0.807467,31.683506,1.087094,0
2019-08-30,sz.002588,4.1300,4.1400,4.0400,4.0900,4.1100,2111320,8651106.2000,3,0.280700,1,-0.486600,37.857874,0.803538,31.529328,1.081804,0
2019-09-02,sz.002588,4.0700,4.1500,4.0600,4.1400,4.0900,2397600,9879433.0000,3,0.318800,1,1.222500,38.320684,0.813361,31.914772,1.095029,0
2019-09-03,sz.002588,4.1600,4.1700,4.0900,4.1200,4.1400,2644400,10902171.0000,3,0.351600,1,-0.483100,38.135560,0.809432,31.760595,1.089739,0
2019-09-04,sz.002588,4.1100,4.1400,4.0900,4.1400,4.1200,2508500,10328740.0000,3,0.333500,1,0.485400,38.320684,0.813361,31.914772,1.095029,0
2019-09-05,sz.002588,4.1400,4.2200,4.1400,4.1600,4.1400,5018054,20999562.6200,3,0.667200,1,0.483100,38.505808,0.817290,32.068950,1.100319,0
2019-09-06,sz.002588,4.1700,4.2000,4.1400,4.1700,4.1600,2751520,11478863.4000,3,0.365800,1,0.240400,38.598370,0.819255,32.146039,1.102964,0
2019-09-09,sz.002588,4.1900,4.2700,4.1700,4.2600,4.1700,5176481,21888824.8200,3,0.688300,1,2.158300,39.431429,0.836937,32.839838,1.126769,0
2019-09-10,sz.002588,4.2600,4.3000,4.2500,4.2900,4.2600,4266400,18231054.0000,3,0.567300,1,0.704200,39.709115,0.842830,33.071105,1.134704,0
2019-09-11,sz.002588,4.2900,4.3200,4.2500,4.2600,4.2900,4272281,18270924.0600,3,0.568000,1,-0.699300,39.431429,0.836937,32.839838,1.126769,0
2019-09-12,sz.002588,4.2700,4.2900,4.2500,4.2700,4.2600,2886724,12325014.6400,3,0.383800,1,0.234700,39.523991,0.838901,32.916927,1.129414,0
2019-09-16,sz.002588,4.2700,4.3000,4.2700,4.3000,4.2700,2416583,10361550.0700,3,0.321300,1,0.702600,39.801677,0.844795,33.148193,1.137349,0
2019-09-17,sz.002588,4.2800,4.2900,4.1400,4.1600,4.3000,3783589,15883776.1400,3,0.503100,1,-3.255800,38.505808,0.817290,32.068950,1.100319,0
2019-09-18,sz.002588,4.1900,4.1900,4.1600,4.1800,4.1600,1904695,7962282.4700,3,0.253200,1,0.480800,38.690932,0.821219,32.223128,1.105609,0
2019-09-19,sz.002588,4.1700,4.1900,4.1300,4.1700,4.1800,2853900,11873833.0000,3,0.379400,1,-0.239200,38.598370,0.819255,32.146039,1.102964,0
2019-09-20,sz.002588,4.1800,4.1900,4.1200,4.1300,4.1700,3475404,14411674.4800,3,0.462100,1,-0.959200,38.228122,0.811396,31.837683,1.092384,0
2019-09-23,sz.002588,4.1100,4.1300,4.0300,4.0700,4.1300,3117500,12664146.0000,3,0.414500,1,-1.452800,37.672750,0.799608,31.375151,1.076514,0
2019-09-24,sz.002588,4.0600,4.0900,4.0500,4.0700,4.0700,5632544,22935247.4000,3,0.748900,1,0.000000,37.672750,0.799608,31.375151,1.076514,0
2019-09-25,sz.002588,4.0600,4.0600,3.9900,4.0000,4.0700,3716968,14904874.0000,3,0.494200,1,-1.719900,37.024816,0.785856,30.835529,1.057999,0
2019-09-26,sz.002588,4.0000,4.0200,3.9200,3.9300,4.0000,2868800,11383047.0000,3,0.381400,1,-1.750000,36.376881,0.772103,30.295907,1.039484,0
2019-09-27,sz.002588,3.9300,3.9800,3.9300,3.9700,3.9300,1225900,4860972.0000,3,0.163000,1,1.017800,36.747130,0.779962,30.604262,1.050064,0
2019-09-30,sz.002588,3.9900,4.0200,3.9600,3.9600,3.9700,1811411,7233072.3100,3,0.240800,1,-0.251900,36.654567,0.777997,30.527173,1.047419,0
2019-10-08,sz.002588,3.9800,4.0100,3.9600,3.9900,3.9600,2150888,8584195.0000,3,0.286000,1,0.757600,36.932254,0.783891,30.758440,1.055354,0
2019-10-09,sz.002588,3.9700,4.0000,3.9500,4.0000,3.9900,923100,3675983.0000,3,0.122700,1,0.250600,37.024816,0.785856,30.835529,1.057999,0
2019-10-10,sz.002588,4.0000,4.0200,3.9900,4.0100,4.0000,2189700,8769654.0000,3,0.291100,1,0.250000,37.117378,0.787821,30.912618,1.060644,0
2019-10-11,sz.002588,4.0100,4.0300,3.9800,4.0100,4.0100,1740400,6971271.0000,3,0.231400,1,0.000000,37.117378,0.787821,30.912618,1.060644,0
2019-10-14,sz.002588,4.0200,4.0800,4.0200,4.0700,4.0100,2881200,11682693.0000,3,0.383100,1,1.496300,37.672750,0.799608,31.375151,1.076514,0
2019-10-15,sz.002588,4.0800,4.0900,4.0100,4.0300,4.0700,1891300,7631902.0000,3,0.251500,1,-0.982800,37.302502,0.791750,31.066795,1.065934,0
2019-10-16,sz.002588,4.0100,4.0500,3.9800,3.9900,4.0300,1522200,6110945.0000,3,0.202400,1,-0.992600,36.932254,0.783891,30.758440,1.055354,0
2019-10-17,sz.002588,3.9900,4.0100,3.9700,3.9800,3.9900,1704854,6795973.8600,3,0.226700,1,-0.250600,36.839692,0.781927,30.681351,1.052709,0
2019-10-18,sz.002588,4.0000,4.0000,3.9200,3.9200,3.9800,1778800,7035259.0000,3,0.236500,1,-1.507500,36.284319,0.770139,30.218818,1.036839,0
2019-10-21,sz.002588,3.9200,3.9400,3.8800,3.9100,3.9200,2080200,8112159.0000,3,0.276600,1,-0.255100,36.191757,0.768174,30.141729,1.034194,0
2019-10-22,sz.002588,3.9100,3.9800,3.9100,3.9700,3.9100,1555846,6139118.2400,3,0.206900,1,1.534500,36.747130,0.779962,30.604262,1.050064,0
2019-10-23,sz.002588,3.9700,3.9700,3.8900,3.9200,3.9700,1622500,6371545.0000,3,0.215700,1,-1.259400,36.284319,0.770139,30.218818,1.036839,0
2019-10-24,sz.002588,3.8900,3.9300,3.8900,3.9300,3.9200,1477248,5776681.1600,3,0.196400,1,0.255100,36.376881,0.772103,30.295907,1.039484,0
2019-10-25,sz.002588,3.9300,3.9500,3.9000,3.9300,3.9300,2352718,9229019.5600,3,0.312800,1,0.000000,36.376881,0.772103,30.295907,1.039484,0
2019-10-28,sz.002588,3.9400,4.0100,3.9300,3.9900,3.9300,6760400,26735636.0000,3,0.898800,1,1.526700,36.932254,0.783891,30.758440,1.055354,0
2019-10-29,sz.002588,4.0000,4.0200,3.9400,3.9500,3.9900,3192400,12664232.0000,3,0.424500,1,-1.002500,40.412986,0.768180,20.217732,1.040913,0
2019-10-30,sz.002588,3.9400,3.9600,3.8500,3.8600,3.9500,3660561,14225477.2800,3,0.486700,1,-2.278500,39.492184,0.750677,19.757075,1.017196,0
2019-10-31,sz.002588,3.8800,3.8800,3.8400,3.8400,3.8600,1265300,4882294.0000,3,0.168200,1,-0.518100,39.287561,0.746787,19.654706,1.011926,0
2019-11-01,sz.002588,3.8300,3.8600,3.8200,3.8300,3.8400,1874706,7195976.3800,3,0.249300,1,-0.260400,39.185250,0.744843,19.603522,1.009290,0
2019-11-04,sz.002588,3.8300,3.8700,3.8300,3.8700,3.8300,1160816,4474157.2000,3,0.154300,1,1.044400,39.594495,0.752622,19.808259,1.019831,0
2019-11-05,sz.002588,3.8700,3.8700,3.8100,3.8400,3.8700,1767200,6773452.0000,3,0.235000,1,-0.775200,39.287561,0.746787,19.654706,1.011926,0
2019-11-06,sz.002588,3.8300,3.8400,3.7800,3.8000,3.8400,2434093,9247893.5400,3,0.323600,1,-1.041700,38.878316,0.739008,19.449970,1.001385,0
2019-11-07,sz.002588,3.8000,3.8100,3.7800,3.8000,3.8000,1020408,3870938.4000,3,0.135700,1,0.000000,38.878316,0.739008,19.449970,1.001385,0
2019-11-08,sz.002588,3.8000,3.8300,3.7800,3.8000,3.8000,2343832,8927024.2800,3,0.311600,1,0.000000,38.878316,0.739008,19.449970,1.001385,0
2019-11-11,sz.002588,3.8000,3.8000,3.6700,3.6900,3.8000,2596600,9659098.0000,3,0.345200,1,-2.894700,37.752891,0.717616,18.886944,0.972397,0
2019-11-12,sz.002588,3.7000,3.7000,3.6600,3.7000,3.6900,1001589,3684862.3200,3,0.133200,1,0.271000,37.855202,0.719561,18.938129,0.975033,0
2019-11-13,sz.002588,3.7000,3.7100,3.6800,3.6900,3.7000,1178150,4354330.0400,3,0.156600,1,-0.270300,37.752891,0.717616,18.886944,0.972397,0
2019-11-14,sz.002588,3.7000,3.7100,3.6400,3.6700,3.6900,1068300,3928831.0000,3,0.142000,1,-0.542000,37.548268,0.713727,18.784576,0.967127,0
2019-11-15,sz.002588,3.6900,3.7000,3.6500,3.6600,3.6700,1312675,4828019.2500,3,0.174500,1,-0.272500,37.445957,0.711782,18.733392,0.964492,0
2019-11-18,sz.002588,3.6600,3.7600,3.6600,3.7400,3.6600,2412087,8990677.0300,3,0.320700,1,2.185800,38.264448,0.727340,19.142865,0.985573,0
2019-11-19,sz.002588,3.7500,3.8100,3.7300,3.8000,3.7400,1802516,6831360.6400,3,0.239700,1,1.604300,38.878316,0.739008,19.449970,1.001385,0
2019-11-20,sz.002588,3.7900,3.8100,3.7600,3.7800,3.8000,1221363,4623151.3900,3,0.162400,1,-0.526300,38.673693,0.735119,19.347602,0.996114,0
2019-11-21,sz.002588,3.7600,3.7900,3.7400,3.7600,3.7800,747391,2814526.7500,3,0.099400,1,-0.529100,38.469070,0.731229,19.245233,0.990844,0
2019-11-22,sz.002588,3.7800,3.8000,3.7200,3.7500,3.7600,1540300,5782333.0000,3,0.204800,1,-0.266000,38.366759,0.729285,19.194049,0.988209,0
2019-11-25,sz.002588,3.7600,3.8200,3.7200,3.8100,3.7500,2032966,7698211.4800,3,0.270300,1,1.600000,38.980627,0.740953,19.501154,1.004020,0
2019-11-26,sz.002588,3.8200,3.8400,3.7500,3.7800,3.8100,1609800,6077253.0000,3,0.214000,1,-0.787400,38.673693,0.735119,19.347602,0.996114,0
2019-11-27,sz.002588,3.7600,3.8000,3.7600,3.7800,3.7800,1251972,4742033.1600,3,0.166500,1,0.000000,38.673693,0.735119,19.347602,0.996114,0
2019-11-28,sz.002588,3.7700,3.8100,3.7700,3.8000,3.7800,1919900,7283902.0000,3,0.255300,1,0.529100,38.878316,0.739008,19.449970,1.001385,0
2019-11-29,sz.002588,3.7800,3.8600,3.7800,3.8600,3.8000,2732266,10451071.1200,3,0.363300,1,1.578900,39.492184,0.750677,19.757075,1.017196,0
2019-12-02,sz.002588,3.8700,3.8900,3.8400,3.8700,3.8600,2631100,10190871.0000,3,0.349800,1,0.259100,39.594495,0.752622,19.808259,1.019831,0
2019-12-03,sz.002588,3.8700,3.9000,3.8400,3.8800,3.8700,1726675,6687013.0000,3,0.229600,1,0.258400,39.696807,0.754566,19.859443,1.022467,0
2019-12-04,sz.002588,3.8700,3.9300,3.8600,3.9000,3.8800,1910600,7434918.6800,3,0.254000,1,0.515500,39.901429,0.758456,19.961811,1.027737,0
2019-12-05,sz.002588,3.9000,3.9300,3.8700,3.8900,3.9000,2040500,7973509.0000,3,0.271300,1,-0.256400,39.799118,0.756511,19.910627,1.025102,0
2019-12-06,sz.002588,3.9000,3.9200,3.8400,3.8600,3.8900,2457500,9494577.0000,3,0.326700,1,-0.771200,39.492184,0.750677,19.757075,1.017196,0
2019-12-09,sz.002588,3.8600,3.9000,3.8500,3.8900,3.8600,1566696,6076011.4400,3,0.208300,1,0.777200,39.799118,0.756511,19.910627,1.025102,0
2019-12-10,sz.002588,3.8900,3.9000,3.8300,3.9000,3.8900,2300923,8883596.7000,3,0.305900,1,0.257100,39.901429,0.758456,19.961811,1.027737,0
2019-12-11,sz.002588,3.9000,3.9100,3.8500,3.8800,3.9000,1036128,4017765.8000,3,0.137800,1,-0.512800,39.696807,0.754566,19.859443,1.022467,0
2019-12-12,sz.002588,3.8800,4.0400,3.8300,4.0300,3.8800,4578024,18064564.2400,3,0.608700,1,3.866000,41.231477,0.783738,20.627205,1.061995,0
2019-12-13,sz.002588,4.1300,4.1300,3.9100,3.9600,4.0300,17312628,69896601.5200,3,2.301800,1,-1.737000,40.515298,0.770125,20.268916,1.043548,0
2019-12-16,sz.002588,3.9200,3.9200,3.8500,3.9100,3.9600,8446732,32786583.0700,3,1.123100,1,-1.262600,40.003741,0.760401,20.012995,1.030372,0
2019-12-17,sz.002588,3.8800,3.9600,3.8700,3.9400,3.9100,6764318,26525394.0500,3,0.899400,1,0.767300,40.310675,0.766235,20.166548,1.038278,0
2019-12-18,sz.002588,3.9300,3.9600,3.8900,3.9100,3.9400,4991200,19596852.3100,3,0.663600,1,-0.761400,40.003741,0.760401,20.012995,1.030372,0
2019-12-19,sz.002588,3.8900,3.9500,3.8900,3.9400,3.9100,4864063,19095892.5900,3,0.646700,1,0.767300,40.310675,0.766235,20.166548,1.038278,0
2019-12-20,sz.002588,3.9400,3.9500,3.9100,3.9100,3.9400,2882580,11335673.6000,3,0.383300,1,-0.761400,40.003741,0.760401,20.012995,1.030372,0
2019-12-23,sz.002588,3.9200,3.9300,3.8100,3.8100,3.9100,3909900,15138562.0000,3,0.519900,1,-2.557500,38.980627,0.740953,19.501154,1.004020,0
2019-12-24,sz.002588,3.8100,3.8500,3.8100,3.8400,3.8100,1905105,7304456.1600,3,0.253300,1,0.787400,39.287561,0.746787,19.654706,1.011926,0
2019-12-25,sz.002588,3.8400,3.8500,3.8000,3.8200,3.8400,2081011,7966064.8000,3,0.276700,1,-0.520800,39.082939,0.742898,19.552338,1.006655,0
2019-12-26,sz.002588,3.8400,3.8400,3.8100,3.8400,3.8200,1544996,5912130.3900,3,0.205400,1,0.523600,39.287561,0.746787,19.654706,1.011926,0
2019-12-27,sz.002588,3.8400,3.8900,3.8300,3.8500,3.8400,3524295,13583101.8000,3,0.468600,1,0.260400,39.389873,0.748732,19.705891,1.014561,0
2019-12-30,sz.002588,3.8300,3.8600,3.8000,3.8400,3.8500,6541850,25024767.2900,3,0.869800,1,-0.259700,39.287561,0.746787,19.654706,1.011926,0
2019-12-31,sz.002588,3.8600,3.9200,3.8500,3.9100,3.8400,5585802,21757062.9500,3,0.742700,1,1.822900,40.003741,0.760401,20.012995,1.030372,0
2020-01-02,sz.002588,3.9200,3.9800,3.9100,3.9500,3.9100,8842132,34973045.6800,3,1.175600,1,1.023000,40.412986,0.768180,20.217732,1.040913,0
2020-01-03,sz.002588,3.9600,4.2000,3.9600,4.1700,3.9500,23053796,94582533.6000,3,3.065200,1,5.569600,42.663836,0.810964,21.343783,1.098888,0
2020-01-06,sz.002588,4.1300,4.3500,4.0400,4.3200,4.1700,29498527,124522848.3000,3,3.922100,1,3.597100,44.198507,0.840136,22.111545,1.138416,0
2020-01-07,sz.002588,4.2000,4.2700,4.1700,4.2200,4.3200,14551958,61242201.1000,3,1.934800,1,-2.314800,43.175393,0.820688,21.599703,1.112064,0
2020-01-08,sz.002588,4.2000,4.2100,4.0900,4.1000,4.2200,9426910,39142274.2400,3,1.253400,1,-2.843600,41.947657,0.797351,20.985494,1.080441,0
2020-01-09,sz.002588,4.1500,4.1700,4.0900,4.1300,4.1000,5436233,22445968.7900,3,0.722800,1,0.731700,42.254591,0.803185,21.139046,1.088347,0
2020-01-10,sz.002588,4.1300,4.1300,4.0700,4.1000,4.1300,3905550,15988816.9000,3,0.519300,1,-0.726400,41.947657,0.797351,20.985494,1.080441,0
2020-01-13,sz.002588,4.1100,4.1300,4.0700,4.1300,4.1000,4443121,18193762.1800,3,0.590700,1,0.731700,42.254591,0.803185,21.139046,1.088347,0
2020-01-14,sz.002588,4.1300,4.2300,4.1300,4.1600,4.1300,6991444,29160694.4700,3,0.929600,1,0.726400,42.561525,0.809020,21.292599,1.096253,0
2020-01-15,sz.002588,4.1600,4.2000,4.0900,4.1100,4.1600,3541159,14590207.2600,3,0.470800,1,-1.201900,42.049968,0.799296,21.036678,1.083077,0
2020-01-16,sz.002588,4.1100,4.1200,4.0800,4.0800,4.1100,2374228,9712886.2400,3,0.315700,1,-0.729900,41.743034,0.793462,20.883126,1.075171,0
2020-01-17,sz.002588,4.0800,4.1100,4.0700,4.0800,4.0800,2388798,9764896.1200,3,0.317600,1,0.000000,41.743034,0.793462,20.883126,1.075171,0
2020-01-20,sz.002588,4.0700,4.1100,4.0500,4.1100,4.0800,2469760,10101132.1200,3,0.328400,1,0.735300,42.049968,0.799296,21.036678,1.083077,0
2020-01-21,sz.002588,4.1100,4.1100,4.0500,4.0700,4.1100,2762508,11246222.2400,3,0.367300,1,-0.973200,41.640723,0.791517,20.831941,1.072536,0
2020-01-22,sz.002588,4.0600,4.0700,4.0000,4.0500,4.0700,3113780,12562643.0000,3,0.414000,1,-0.491400,41.436100,0.787627,20.729573,1.067265,0
2020-01-23,sz.002588,4.0400,4.1000,4.0000,4.0200,4.0500,5140764,20747272.1400,3,0.683500,1,-0.740700,41.129166,0.781793,20.576021,1.059360,0
2020-02-03,sz.002588,3.6200,3.6900,3.6200,3.6200,4.0200,5917400,21455470.0000,3,0.786800,1,-9.950300,37.036711,0.704003,18.528656,0.953951,0
2020-02-04,sz.002588,3.3800,3.6700,3.3800,3.6400,3.6200,6606123,23741413.6600,3,0.878300,1,0.552500,37.241334,0.707892,18.631024,0.959221,0
2020-02-05,sz.002588,3.6500,3.7800,3.6200,3.7000,3.6400,4916104,18212139.8800,3,0.653600,1,1.648400,37.855202,0.719561,18.938129,0.975033,0
2020-02-06,sz.002588,3.7300,3.8200,3.6900,3.8200,3.7000,6463196,24341820.8100,3,0.859300,1,3.243200,39.082939,0.742898,19.552338,1.006655,0
2020-02-07,sz.002588,3.7900,3.8100,3.7300,3.8000,3.8200,3969200,14977299.0000,3,0.527700,1,-0.523600,38.878316,0.739008,19.449970,1.001385,0
2020-02-10,sz.002588,3.7900,4.1800,3.7500,4.1800,3.8000,29371057,120515561.0400,3,3.905100,1,10.000000,42.766148,0.812909,21.394967,1.101523,0
2020-02-11,sz.002588,4.2000,4.2000,3.9800,4.0100,4.1800,22344186,90761321.5000,3,2.970800,1,-4.067000,41.026854,0.779848,20.524837,1.056724,0
2020-02-12,sz.002588,4.0300,4.2000,3.9700,4.1500,4.0100,16165091,66679228.4200,3,2.149300,1,3.491300,42.459213,0.807075,21.241415,1.093618,0
2020-02-13,sz.002588,4.1600,4.5000,4.1200,4.2800,4.1500,30236087,130802103.9800,3,4.020100,1,3.132500,43.789261,0.832357,21.906808,1.127875,0
2020-02-14,sz.002588,4.2500,4.3900,4.1300,4.2600,4.2800,23522450,99685821.1800,3,3.127500,1,-0.467300,43.584638,0.828467,21.804440,1.122605,0
2020-02-17,sz.002588,4.2500,4.6000,4.2100,4.5000,4.2600,29040836,129972994.8400,3,3.861200,1,5.633800,46.040111,0.875142,23.032859,1.185850,0
2020-02-18,sz.002588,4.4800,4.5000,4.3300,4.4900,4.5000,20030334,88696198.0300,3,2.663200,1,-0.222200,45.937800,0.873197,22.981675,1.183215,0
2020-02-19,sz.002588,4.4400,4.5000,4.4000,4.5000,4.4900,16298534,72565851.5700,3,2.167000,1,0.222700,46.040111,0.875142,23.032859,1.185850,0
2020-02-20,sz.002588,4.5100,4.5400,4.4000,4.5100,4.5000,16757562,75058754.1400,3,2.228000,1,0.222200,46.142422,0.877086,23.084043,1.188486,0
2020-02-21,sz.002588,4.4700,4.5300,4.4400,4.4400,4.5100,11575641,51832745.7400,3,1.539100,1,-1.552100,45.426243,0.863473,22.725754,1.170039,0
2020-02-24,sz.002588,4.4100,4.5300,4.3100,4.4700,4.4400,20187692,89024445.2200,3,2.684100,1,0.675700,45.733177,0.869307,22.879307,1.177945,0
2020-02-25,sz.002588,4.4000,4.4000,4.2100,4.3100,4.4700,14839618,64033096.9200,3,1.973000,1,-3.579400,44.096195,0.838191,22.060361,1.135781,0
2020-02-26,sz.002588,4.3300,4.5300,4.2800,4.3500,4.3100,27425781,121488698.3000,3,3.646500,1,0.928100,44.505441,0.845970,22.265097,1.146322,0
2020-02-27,sz.002588,4.3600,4.4300,4.3200,4.3800,4.3500,14663488,64095002.0500,3,1.949600,1,0.689700,44.812375,0.851804,22.418650,1.154228,0
2020-02-28,sz.002588,4.3000,4.3000,4.0600,4.0900,4.3800,17228464,71709317.6700,3,2.290700,1,-6.621000,41.845345,0.795406,20.934310,1.077806,0
2020-03-02,sz.002588,4.0900,4.2800,4.0800,4.2000,4.0900,16901698,71158755.7600,3,2.247200,1,2.689500,45.220073,0.840436,21.497335,1.106794,0
2020-03-03,sz.002588,4.2500,4.3200,4.2100,4.2600,4.2000,11595469,49388738.8000,3,1.541700,1,1.428600,45.866074,0.852442,21.804440,1.122605,0
2020-03-04,sz.002588,4.2700,4.2700,4.1500,4.2600,4.2600,9058632,38122506.3600,3,1.204400,1,0.000000,45.866074,0.852442,21.804440,1.122605,0
2020-03-05,sz.002588,4.2900,4.4500,4.2600,4.4500,4.2600,23432999,102743822.9100,3,3.115600,1,4.460100,47.911744,0.890462,22.776938,1.172674,0
2020-03-06,sz.002588,4.4000,4.5600,4.3800,4.5200,4.4500,23426112,104935441.6400,3,3.114700,1,1.573000,48.665412,0.904469,23.135227,1.191121,0
2020-03-09,sz.002588,4.5200,4.5200,4.3400,4.3800,4.5200,20526127,91039231.1800,3,2.729100,1,-3.097300,47.158076,0.876454,22.418650,1.154228,0
2020-03-10,sz.002588,4.3000,4.3700,4.2000,4.3400,4.3800,16078956,68924724.7200,3,2.137800,1,-0.913200,46.727409,0.868450,22.213913,1.143687,0
2020-03-11,sz.002588,4.3200,4.3800,4.2500,4.2500,4.3400,18784889,80917304.1100,3,2.497600,1,-2.073700,45.758407,0.850441,21.753256,1.119970,0
2020-03-12,sz.002588,4.2100,4.2200,4.0600,4.1400,4.2500,13242345,54800727.7300,3,1.760700,1,-2.588200,44.574072,0.828430,21.190230,1.090982,0
2020-03-13,sz.002588,3.9500,4.0800,3.8800,4.0400,4.1400,13425136,53270880.5200,3,1.785000,1,-2.415500,43.497403,0.808419,20.678389,1.064630,0
2020-03-16,sz.002588,4.0600,4.1300,3.9300,3.9400,4.0400,12130892,48986311.6700,3,1.612900,1,-2.475200,42.420735,0.788409,20.166548,1.038278,0
2020-03-17,sz.002588,3.9100,4.0000,3.7600,3.8800,3.9400,9863147,38142916.9300,3,1.311400,1,-1.522800,41.774734,0.776403,19.859443,1.022467,0
2020-03-18,sz.002588,3.9200,3.9500,3.7900,3.8000,3.8800,6107800,23776026.0000,3,0.825500,1,-2.061900,40.913399,0.760394,19.449970,1.001385,0
2020-03-19,sz.002588,3.7800,3.8400,3.6900,3.8200,3.8000,6079762,22960115.3600,3,0.808400,1,0.526300,41.128733,0.764396,19.552338,1.006655,0
2020-03-20,sz.002588,3.8400,3.8900,3.8100,3.8900,3.8200,5134656,19786514.1400,3,0.682700,1,1.832500,41.882401,0.778404,19.910627,1.025102,0
2020-03-23,sz.002588,3.8800,3.9500,3.7700,3.8500,3.8900,7053048,27311737.1300,3,0.937800,1,-1.028300,41.451734,0.770399,19.705891,1.014561,0
2020-03-24,sz.002588,3.9000,3.9800,3.8300,3.9400,3.8500,7577276,29552358.2500,3,1.007500,1,2.337700,42.420735,0.788409,20.166548,1.038278,0
2020-03-25,sz.002588,3.9800,4.0000,3.9100,3.9800,3.9400,10470055,41364364.5500,3,1.392100,1,1.015200,42.851402,0.796413,20.371284,1.048819,0
2020-03-26,sz.002588,3.9400,4.1200,3.9100,4.0300,3.9800,15954036,64485468.2800,3,2.121200,1,1.256300,43.389737,0.806418,20.627205,1.061995,0
2020-03-27,sz.002588,4.0400,4.1500,4.0100,4.0400,4.0300,16381262,66769238.4800,3,2.178000,1,0.248100,43.497403,0.808419,20.678389,1.064630,0
2020-03-30,sz.002588,4.0600,4.2500,4.0000,4.2500,4.0400,28290098,118047903.2100,3,3.761400,1,5.198000,45.758407,0.850441,21.753256,1.119970,0
2020-03-31,sz.002588,4.2800,4.6800,4.2000,4.5800,4.2500,55886100,250278872.0400,3,7.430500,1,7.764700,49.311413,0.916475,23.442332,1.206932,0
2020-04-01,sz.002588,4.5600,4.5600,4.3600,4.4100,4.5800,30272835,134592948.1100,3,4.025000,1,-3.711800,47.481077,0.882458,22.572202,1.162133,0
2020-04-02,sz.002588,4.4000,4.4700,4.3200,4.4200,4.4100,21275940,93316226.8000,3,2.828800,1,0.226800,47.588743,0.884459,22.623386,1.164769,0
2020-04-03,sz.002588,4.4200,4.8000,4.3600,4.6500,4.4200,41712183,193231174.7300,3,5.546000,1,5.203600,50.065081,0.930482,23.800621,1.225379,0
2020-04-07,sz.002588,4.8000,5.1200,4.8000,5.1200,4.6500,43660004,220634658.4900,3,5.804900,1,10.107500,55.125422,1.024531,26.206275,1.349234,0
2020-04-08,sz.002588,5.3200,5.6300,5.1300,5.2000,5.1200,106338007,579383874.0000,3,14.138500,1,1.562500,55.986757,1.040539,26.615748,1.370316,0
2020-04-09,sz.002588,5.1200,5.3000,4.8900,5.0200,5.2000,68356224,342280705.2800,3,9.088500,1,-3.461500,54.048754,1.004521,25.694434,1.322882,0
2020-04-10,sz.002588,4.9200,4.9600,4.6700,4.6800,5.0200,47524992,227865923.0700,3,6.318800,1,-6.772900,50.388081,0.936486,23.954173,1.233284,0
2020-04-13,sz.002588,4.6900,4.8500,4.5800,4.7900,4.6800,33360470,158432508.7200,3,4.435500,1,2.350400,51.572417,0.958497,24.517199,1.262272,0
2020-04-14,sz.002588,4.7400,4.8500,4.6700,4.8100,4.7900,27916125,133265317.5600,3,3.711700,1,0.417500,51.787750,0.962499,24.619567,1.267542,0
2020-04-15,sz.002588,4.7800,4.9200,4.6900,4.7100,4.8100,31910237,152633103.2900,3,4.242700,1,-2.079000,50.711082,0.942489,24.107726,1.241190,0
2020-04-16,sz.002588,4.6500,4.7100,4.6000,4.6500,4.7100,21175628,98437137.8900,3,2.815500,1,-1.273900,50.065081,0.930482,23.800621,1.225379,0
2020-04-17,sz.002588,4.6500,4.6800,4.6000,4.6200,4.6500,15386222,71378992.5600,3,2.045700,1,-0.645200,49.742080,0.924479,23.647069,1.217473,0
2020-04-20,sz.002588,4.6600,4.8400,4.6200,4.7700,4.6200,23329007,110914434.1700,3,3.153000,1,3.246800,51.357083,0.954495,24.414831,1.257001,0
2020-04-21,sz.002588,4.7200,4.7600,4.6300,4.7100,4.7700,16212547,75998233.3600,3,2.155600,1,-1.257900,50.711082,0.942489,24.107726,1.241190,0
2020-04-22,sz.002588,4.6600,5.1800,4.6500,5.0500,4.7100,44419713,222472123.3900,3,5.905900,1,7.218700,54.371754,1.010524,25.847986,1.330788,0
2020-04-23,sz.002588,5.0600,5.3400,5.0300,5.1100,5.0500,53252970,275427142.2000,3,7.080400,1,1.188100,55.017755,1.022530,26.155091,1.346599,0
2020-04-24,sz.002588,5.1100,5.1400,4.9000,4.9200,5.1100,26921221,134467082.0400,3,3.579400,1,-3.718200,52.972085,0.984510,25.182593,1.296530,0
2020-04-27,sz.002588,4.9400,5.1300,4.8400,5.0000,4.9200,24058959,120649499.1600,3,3.198800,1,1.626000,53.833420,1.000519,25.592066,1.317612,0
2020-04-28,sz.002588,4.9300,4.9800,4.5600,4.8300,5.0000,27384095,131063507.0700,3,3.640900,1,-3.400000,52.003084,0.966501,24.721935,1.272813,0
2020-04-29,sz.002588,4.8400,5.0800,4.8300,4.9500,4.8300,23840048,118518505.3800,3,3.222100,1,2.484500,43.717949,0.935021,8.061056,1.287234,0
2020-04-30,sz.002588,4.9200,4.9900,4.7900,4.9400,4.9500,23904541,117261866.9300,3,3.230800,1,-0.202000,43.629630,0.933132,8.044771,1.284634,0
2020-05-06,sz.002588,4.8400,5.1600,4.8300,5.1300,4.9400,25108763,127708857.4200,3,3.393500,1,3.846200,45.307693,0.969022,8.354186,1.334043,0
2020-05-07,sz.002588,5.1300,5.3100,5.0500,5.0600,5.1300,31445339,162164458.7700,3,4.250000,1,-1.364500,44.689459,0.955799,8.240191,1.315840,0
2020-05-08,sz.002588,5.0800,5.1400,5.0200,5.0700,5.0600,20274573,102491580.5400,3,2.740200,1,0.197600,44.777778,0.957688,8.256476,1.318440,0
2020-05-11,sz.002588,5.0700,5.1800,4.9000,4.9500,5.0700,28143174,140669585.5000,3,3.803700,1,-2.366900,43.717949,0.935021,8.061056,1.287234,0
2020-05-12,sz.002588,4.9400,4.9700,4.8000,4.9200,4.9500,16899121,82316826.3400,3,2.284000,1,-0.606100,43.452992,0.929354,8.012201,1.279433,0
2020-05-13,sz.002588,4.9400,5.1300,4.8600,5.0600,4.9200,27594454,138378504.5100,3,3.729500,1,2.845500,44.689459,0.955799,8.240191,1.315840,0
2020-05-14,sz.002588,5.0000,5.0200,4.8800,4.8800,5.0600,20468861,100859387.3600,3,2.766400,1,-3.557300,43.099715,0.921799,7.947062,1.269031,0
2020-05-15,sz.002588,4.9000,4.9200,4.7200,4.7400,4.8800,29170984,139248532.7700,3,3.942600,1,-2.868900,41.863248,0.895354,7.719072,1.232625,0
2020-05-18,sz.002588,4.7000,4.7500,4.6100,4.6900,4.7400,18134454,84884804.6700,3,2.450900,1,-1.054800,41.421653,0.885909,7.637647,1.219622,0
2020-05-19,sz.002588,4.7300,4.7300,4.5700,4.6100,4.6900,21502754,99452978.2900,3,2.906200,1,-1.705800,40.715100,0.870797,7.507368,1.198818,0
2020-05-20,sz.002588,4.6100,4.6200,4.4200,4.5000,4.6100,19325596,87057902.9700,3,2.611900,1,-2.386100,39.743590,0.850019,7.328233,1.170213,0
2020-05-21,sz.002588,4.4900,4.6200,4.4200,4.6000,4.5000,20020158,90326984.7800,3,2.705800,1,2.222200,40.626781,0.868909,7.491083,1.196218,0
2020-05-22,sz.002588,4.5500,4.5700,4.4000,4.4000,4.6000,13364349,59985446.1500,3,1.806200,1,-4.347800,38.860399,0.831130,7.165383,1.144208,0
2020-05-25,sz.002588,4.4100,4.4400,4.3000,4.3700,4.4000,8731336,38043707.3600,3,1.180100,1,-0.681800,38.595442,0.825463,7.116528,1.136407,0
2020-05-26,sz.002588,4.3600,4.4900,4.3500,4.4400,4.3700,8409725,37212486.1900,3,1.136600,1,1.601800,39.213675,0.838686,7.230523,1.154610,0
2020-05-27,sz.002588,4.4700,4.5700,4.4400,4.5000,4.4400,11680420,52696166.9500,3,1.578700,1,1.351400,39.743590,0.850019,7.328233,1.170213,0
2020-05-28,sz.002588,4.4700,4.5100,4.3600,4.4200,4.5000,8391568,37162101.8400,3,1.134200,1,-1.777800,39.037037,0.834908,7.197953,1.149409,0
2020-05-29,sz.002588,4.4100,4.5000,4.3800,4.4600,4.4200,7667780,34226344.7400,3,1.036300,1,0.905000,39.390314,0.842463,7.263093,1.159811,0
2020-06-01,sz.002588,4.4700,4.5700,4.4600,4.5300,4.4600,11822900,53499186.0000,3,1.597900,1,1.569500,40.008547,0.855686,7.377088,1.178015,0
2020-06-02,sz.002588,4.5800,4.5800,4.4700,4.5200,4.5300,11959101,53979056.5100,3,1.616300,1,-0.220800,39.920228,0.853797,7.360803,1.175414,0
2020-06-03,sz.002588,4.5200,4.5200,4.4600,4.4600,4.5200,8627475,38715740.0500,3,1.166000,1,-1.327400,39.390314,0.842463,7.263093,1.159811,0
2020-06-04,sz.002588,4.4600,4.4900,4.3400,4.3600,4.4600,17425893,76406727.8500,3,2.355200,1,-2.242200,38.507123,0.823574,7.100243,1.133807,0
2020-06-05,sz.002588,4.3700,4.3700,4.2500,4.3000,4.3600,15772700,67763053.0000,3,2.131700,1,-1.376100,37.977208,0.812241,7.002534,1.118204,0
2020-06-08,sz.002588,4.3100,4.3400,4.2800,4.3200,4.3000,8813300,38025867.0000,3,1.191100,1,0.465100,38.153846,0.816018,7.035104,1.123405,0
2020-06-09,sz.002588,4.3200,4.3300,4.2700,4.2800,4.3200,6413796,27502150.8400,3,0.866800,1,-0.925900,37.800570,0.808463,6.969964,1.113003,0
2020-06-10,sz.002588,4.2900,4.3000,4.2400,4.2600,4.2800,8525452,36332253.9000,3,1.152200,1,-0.467300,37.623932,0.804685,6.937394,1.107802,0
2020-06-11,sz.002588,4.2700,4.2700,4.2000,4.2100,4.2600,9566900,40422323.0000,3,1.293000,1,-1.173700,37.182336,0.795240,6.855969,1.094799,0
2020-06-12,sz.002588,4.1400,4.1600,4.1000,4.1600,4.1900,11775754,48642981.4800,3,1.591500,1,-0.716000,36.740741,0.785796,6.774544,1.081797,0
2020-06-15,sz.002588,4.1700,4.2500,4.1400,4.2400,4.1600,11280654,47617130.9600,3,1.524600,1,1.923100,37.447294,0.800907,6.904824,1.102601,0
2020-06-16,sz.002588,4.2500,4.2700,4.2100,4.2500,4.2400,9325108,39480066.8800,3,1.260300,1,0.235900,37.535613,0.802796,6.921109,1.105201,0
2020-06-17,sz.002588,4.2300,4.3900,4.2200,4.3400,4.2500,17478525,75344498.4500,3,2.362300,1,2.117700,38.330485,0.819796,7.067674,1.128606,0
2020-06-18,sz.002588,4.3300,4.3300,4.2700,4.3000,4.3400,8506647,36530134.3700,3,1.149700,1,-0.921700,37.977208,0.812241,7.002534,1.118204,0
2020-06-19,sz.002588,4.2800,4.3300,4.2400,4.2700,4.3000,9699945,41463349.7300,3,1.311000,1,-0.697700,37.712251,0.806574,6.953679,1.110402,0
2020-06-22,sz.002588,4.2700,4.2900,4.2200,4.2600,4.2700,7957030,33850946.8200,3,1.075400,1,-0.234200,37.623932,0.804685,6.937394,1.107802,0
2020-06-23,sz.002588,4.2400,4.2600,4.2200,4.2500,4.2600,5029778,21318649.9400,3,0.679800,1,-0.234700,37.535613,0.802796,6.921109,1.105201,0
2020-06-24,sz.002588,4.2600,4.2600,4.1900,4.2100,4.2500,5878018,24759899.6600,3,0.794400,1,-0.941200,37.182336,0.795240,6.855969,1.094799,0
2020-06-29,sz.002588,4.1800,4.2300,4.1600,4.2000,4.2100,5997707,25162341.0200,3,0.810600,1,-0.237500,37.094017,0.793351,6.839684,1.092199,0
2020-06-30,sz.002588,4.2000,4.2400,4.1900,4.2200,4.2000,5567478,23497100.0700,3,0.752500,1,0.476200,37.270656,0.797129,6.872254,1.097400,0
2020-07-01,sz.002588,4.2300,4.2400,4.1600,4.2000,4.2200,8485459,35562269.0800,3,1.146800,1,-0.473900,37.094017,0.793351,6.839684,1.092199,0
2020-07-02,sz.002588,4.2000,4.3000,4.1800,4.2900,4.2000,13512160,57516737.2800,3,1.826200,1,2.142900,37.888889,0.810352,6.986249,1.115603,0
2020-07-03,sz.002588,4.2900,4.3900,4.2800,4.3700,4.2900,16005659,69583580.2700,3,2.163200,1,1.864800,38.595442,0.825463,7.116528,1.136407,0
2020-07-06,sz.002588,4.3800,4.5300,4.3800,4.5300,4.3700,23666875,105974635.4500,3,3.198700,1,3.661300,40.008547,0.855686,7.377088,1.178015,0
2020-07-07,sz.002588,4.5500,4.6000,4.4500,4.4900,4.5300,25199721,114158362.6200,3,3.405800,1,-0.883000,39.655271,0.848130,7.311948,1.167613,0
2020-07-08,sz.002588,4.4700,4.6500,4.4700,4.6400,4.4900,25539288,116937269.4100,3,3.451700,1,3.340800,40.980057,0.876464,7.556222,1.206620,0
2020-07-09,sz.002588,4.6400,4.7700,4.6200,4.7500,4.6400,24545602,115493143.0000,3,3.317400,1,2.370700,41.951567,0.897243,7.735357,1.235225,0
2020-07-10,sz.002588,4.7100,4.9000,4.6300,4.7600,4.7500,37009990,176588598.6100,3,5.002000,1,0.210500,42.039886,0.899131,7.751642,1.237825,0
2020-07-13,sz.002588,4.7300,5.0800,4.7200,5.0500,4.7600,36776550,181830797.9600,3,4.970500,1,6.092400,44.601140,0.953910,8.223906,1.313239,0
2020-07-14,sz.002588,5.0400,5.1100,4.8500,5.0100,5.0500,29078357,144260357.9200,3,3.930000,1,-0.792100,44.247864,0.946355,8.158766,1.302837,0
2020-07-15,sz.002588,4.9900,5.0700,4.8300,4.8500,5.0100,24825680,122205656.7600,3,3.355300,1,-3.193600,42.834758,0.916132,7.898207,1.261230,0
2020-07-16,sz.002588,4.8500,4.9500,4.6600,4.6800,4.8500,22855182,110080523.2900,3,3.089000,1,-3.505200,41.333334,0.884020,7.621362,1.217022,0
2020-07-17,sz.002588,4.6800,4.8000,4.6200,4.7200,4.6800,15486391,73013374.3500,3,2.093000,1,0.854700,41.686610,0.891576,7.686502,1.227424,0
2020-07-20,sz.002588,4.7500,5.0900,4.7400,4.9900,4.7200,27193483,134377031.7600,3,3.675300,1,5.720300,44.071225,0.942577,8.126196,1.297636,0
2020-07-21,sz.002588,5.0000,5.0300,4.8800,4.9300,4.9900,12686576,62657424.6800,3,1.714600,1,-1.202400,43.541311,0.931243,8.028486,1.282034,0
2020-07-22,sz.002588,4.9400,4.9700,4.8800,4.9100,4.9300,14712509,72470324.5500,3,1.988400,1,-0.405700,43.364673,0.927465,7.995916,1.276833,0
2020-07-23,sz.002588,4.9300,4.9300,4.7100,4.8500,4.9100,15551002,74822842.3200,3,2.101800,1,-1.222000,42.834758,0.916132,7.898207,1.261230,0
2020-07-24,sz.002588,4.8200,4.9300,4.6800,4.6900,4.8500,16952895,81368048.4300,3,2.291200,1,-3.299000,41.421653,0.885909,7.637647,1.219622,0
2020-07-27,sz.002588,4.7100,5.1600,4.7100,5.0600,4.6900,57791090,291777641.1500,3,7.810700,1,7.889100,44.689459,0.955799,8.240191,1.315840,0
2020-07-28,sz.002588,5.0000,5.3500,4.9700,5.2600,5.0600,67312922,348771787.2800,3,9.097600,1,3.952600,46.455841,0.993578,8.565890,1.367849,0
2020-07-29,sz.002588,5.2600,5.3500,5.1300,5.2600,5.2600,35369869,184079536.5000,3,4.780400,1,0.000000,46.455841,0.993578,8.565890,1.367849,0
2020-07-30,sz.002588,5.2300,5.4800,5.1700,5.3200,5.2600,45520971,242473022.1100,3,6.152300,1,1.140700,46.985755,1.004912,8.663600,1.383452,0
2020-07-31,sz.002588,5.2500,5.3400,5.1100,5.3200,5.3200,35266477,184241896.6900,3,4.766400,1,0.000000,46.985755,1.004912,8.663600,1.383452,0
2020-08-03,sz.002588,5.4200,5.4300,5.2700,5.3700,5.3200,31924008,170483119.4400,3,4.314600,1,0.939800,47.427351,1.014356,8.745025,1.396454,0
2020-08-04,sz.002588,5.3400,5.5600,5.2700,5.3000,5.3700,34157176,185331193.8300,3,4.616500,1,-1.303500,46.809117,1.001134,8.631030,1.378251,0
2020-08-05,sz.002588,5.2700,5.4800,5.2300,5.4700,5.3000,34818883,187242438.2200,3,4.705900,1,3.207500,48.310542,1.033246,8.907874,1.422459,0
2020-08-06,sz.002588,5.4500,5.4700,5.2000,5.3100,5.4700,30170877,159718235.1000,3,4.077700,1,-2.925000,46.897436,1.003023,8.647315,1.380852,0
2020-08-07,sz.002588,5.2400,5.3000,5.0700,5.1400,5.3100,22065379,113810080.2800,3,2.982200,1,-3.201500,45.396012,0.970911,8.370471,1.336643,0
2020-08-10,sz.002588,5.1300,5.6500,5.1100,5.6500,5.1400,49970439,275610614.5500,3,6.753700,1,9.922200,49.900285,1.067246,9.201004,1.469268,0
2020-08-11,sz.002588,5.8100,6.0600,5.4900,5.8500,5.6500,81881251,469577617.2700,3,11.066600,1,3.539800,51.666667,1.105025,9.526703,1.521277,0
2020-08-12,sz.002588,5.8600,6.2500,5.6600,6.1800,5.8500,84340930,507925488.2200,3,11.399000,1,5.641000,54.581197,1.167360,10.064107,1.607093,0
2020-08-13,sz.002588,5.9400,6.6600,5.8200,6.5800,6.1800,88649978,562642637.9800,3,11.981400,1,6.472500,58.113961,1.242917,10.715505,1.711112,0
2020-08-14,sz.002588,6.4800,6.8800,6.2200,6.2800,6.5800,70818899,456552345.5900,3,9.571400,1,-4.559300,55.464388,1.186249,10.226956,1.633097,0
2020-08-17,sz.002588,6.1000,6.4600,6.0000,6.3400,6.2800,52353365,328619725.5000,3,7.075700,1,0.955400,55.994302,1.197583,10.324666,1.648700,0
2020-08-18,sz.002588,6.3500,6.8600,6.3000,6.7000,6.3400,67144031,442495396.7400,3,9.074800,1,5.678200,59.173790,1.265584,10.910925,1.742317,0
2020-08-19,sz.002588,6.5800,6.8700,6.4500,6.4600,6.7000,57687542,383357858.2600,3,7.796700,1,-3.582100,57.054131,1.220250,10.520086,1.679906,0
2020-08-20,sz.002588,6.2500,6.5900,6.2100,6.2400,6.4600,37989451,241465927.5200,3,5.134400,1,-3.405600,55.111111,1.178693,10.161816,1.622696,0
2020-08-21,sz.002588,6.2500,6.3600,5.9900,6.1300,6.2400,37991491,233078284.6200,3,5.134700,1,-1.762800,54.139602,1.157915,9.982682,1.594090,0
2020-08-24,sz.002588,6.1300,6.3700,6.0000,6.2000,6.1300,27561336,170691945.9800,3,3.725000,1,1.141900,54.757835,1.171138,10.096677,1.612294,0
2020-08-25,sz.002588,6.2100,6.2400,5.9300,5.9800,6.2000,28442227,172214412.2700,3,3.844100,1,-3.548400,52.814815,1.129581,9.738407,1.555083,0
2020-08-26,sz.002588,5.9900,6.1500,5.9000,6.0700,5.9800,25200132,151609567.1500,3,3.405900,1,1.505000,53.609687,1.146581,9.884972,1.578488,0
2020-08-27,sz.002588,5.9800,6.0500,5.7900,5.9700,6.0700,25803278,152075330.9900,3,3.280400,1,-1.647400,47.647420,1.146231,4.510471,1.532152,0
2020-08-28,sz.002588,5.9800,6.1900,5.9100,6.1800,5.9700,27616539,167245517.0100,3,3.510900,1,3.517600,49.323459,1.186550,4.669130,1.586046,0
2020-08-31,sz.002588,6.1600,6.2400,6.0100,6.0400,6.1800,27462325,168724397.6300,3,3.491300,1,-2.265400,48.206100,1.159671,4.563357,1.550117,0
2020-09-01,sz.002588,5.9800,6.0500,5.8300,5.9100,6.0400,20091859,118604123.3600,3,2.554300,1,-2.152300,47.168551,1.134711,4.465139,1.516753,0
2020-09-02,sz.002588,5.8700,5.9500,5.7200,5.7300,5.9100,27244699,157788985.2400,3,3.463700,1,-3.045700,45.731945,1.100151,4.329145,1.470558,0
2020-09-03,sz.002588,5.7300,5.7900,5.5200,5.5700,5.7300,20972824,118378693.9200,3,2.666300,1,-2.792300,44.454963,1.069431,4.208262,1.429495,0
2020-09-04,sz.002588,5.5100,5.6400,5.4600,5.6000,5.5700,15137121,84197062.3600,3,1.924400,1,0.538600,44.694397,1.075191,4.230927,1.437194,0
2020-09-07,sz.002588,5.6000,5.6100,5.4200,5.4500,5.6000,14212000,78612821.0000,3,1.806800,1,-2.678600,43.497226,1.046392,4.117599,1.398698,0
2020-09-08,sz.002588,5.4800,5.6700,5.3400,5.6700,5.4500,17045899,94182575.6300,3,2.167100,1,4.036700,45.253077,1.088631,4.283814,1.455159,0
2020-09-09,sz.002588,5.6000,5.8000,5.5800,5.6800,5.6700,23752443,136019367.2000,3,3.019700,1,0.176400,45.332888,1.090551,4.291369,1.457726,0
2020-09-10,sz.002588,5.7500,5.7700,5.4500,5.4600,5.6800,20077470,112113207.6100,3,2.552500,1,-3.873200,43.577037,1.048312,4.125154,1.401264,0
2020-09-11,sz.002588,5.4700,5.5200,5.3500,5.4800,5.4600,10652170,57964814.1500,3,1.354200,1,0.366300,43.736660,1.052151,4.140265,1.406397,0
2020-09-14,sz.002588,5.4800,5.6400,5.4400,5.6200,5.4800,12545830,69401166.2700,3,1.595000,1,2.554700,44.854020,1.079031,4.246038,1.442327,0
2020-09-15,sz.002588,5.6100,5.6600,5.5300,5.5500,5.6200,9458600,52815926.0000,3,1.202500,1,-1.245600,44.295340,1.065591,4.193151,1.424362,0
2020-09-16,sz.002588,5.5500,5.6400,5.4800,5.5200,5.5500,8143704,45152065.1700,3,1.035300,1,-0.540500,44.055906,1.059831,4.170485,1.416663,0
2020-09-17,sz.002588,5.5000,5.6700,5.4900,5.6200,5.5200,13114901,73306177.6100,3,1.667300,1,1.811600,44.854020,1.079031,4.246038,1.442327,0
2020-09-18,sz.002588,5.6200,5.6800,5.5300,5.6500,5.6200,12656855,71049512.1700,3,1.609100,1,0.533800,45.093454,1.084791,4.268703,1.450026,0
2020-09-21,sz.002588,5.6200,5.6500,5.5600,5.6000,5.6500,8135582,45517622.5600,3,1.034300,1,-0.885000,44.694397,1.075191,4.230927,1.437194,0
2020-09-22,sz.002588,5.5700,5.5700,5.4200,5.4700,5.6000,8734200,47984335.0000,3,1.110400,1,-2.321400,43.656848,1.050231,4.132709,1.403831,0
2020-09-23,sz.002588,5.4400,5.5000,5.3100,5.3600,5.4700,10798701,58142120.3400,3,1.372900,1,-2.011000,42.778923,1.029112,4.049602,1.375600,0
2020-09-24,sz.002588,5.3300,5.3600,5.2200,5.2400,5.3600,8547401,44998725.2500,3,1.086600,1,-2.238800,41.821186,1.006072,3.958939,1.344803,0
2020-09-25,sz.002588,5.2600,5.2900,5.1500,5.2500,5.2400,5411500,28179336.9800,3,0.688000,1,0.190800,41.900997,1.007992,3.966494,1.347370,0
2020-09-28,sz.002588,5.2600,5.2800,5.1100,5.1300,5.2500,5008584,25918604.2800,3,0.636700,1,-2.285700,40.943260,0.984952,3.875832,1.316573,0
2020-09-29,sz.002588,5.1400,5.2800,5.1400,5.2600,5.1300,5903806,30846614.0400,3,0.750600,1,2.534100,41.980809,1.009912,3.974050,1.349936,0
2020-09-30,sz.002588,5.2500,5.2600,5.1200,5.1600,5.2600,5568197,28821048.5500,3,0.707900,1,-1.901100,41.182694,0.990712,3.898497,1.324272,0
2020-10-09,sz.002588,5.2900,5.3500,5.2100,5.2800,5.1600,7681471,40554225.5700,3,0.976600,1,2.325600,42.140431,1.013752,3.989160,1.355069,0
2020-10-12,sz.002588,5.2900,5.5700,5.2900,5.5400,5.2800,17053580,92846884.4400,3,2.168000,1,4.924200,44.215528,1.063671,4.185596,1.421796,0
2020-10-13,sz.002588,5.5400,5.5600,5.4400,5.4900,5.5400,8514321,46718680.9800,3,1.082400,1,-0.902500,43.816471,1.054071,4.147820,1.408964,0
2020-10-14,sz.002588,5.4900,5.4900,5.3500,5.4000,5.4900,6931800,37482889.0000,3,0.881200,1,-1.639300,43.098168,1.036792,4.079823,1.385866,0
2020-10-15,sz.002588,5.3900,5.4500,5.3500,5.3800,5.4000,5536196,29849781.4000,3,0.703800,1,-0.370400,42.938546,1.032952,4.064712,1.380733,0
2020-10-16,sz.002588,5.3800,5.4100,5.2600,5.3200,5.3800,6779093,36105244.6000,3,0.861800,1,-1.115200,42.459677,1.021432,4.019381,1.365335,0
2020-10-19,sz.002588,5.3300,5.5100,5.3300,5.4800,5.3200,14260910,77910684.1200,3,1.813000,1,3.007500,43.736660,1.052151,4.140265,1.406397,0
2020-10-20,sz.002588,5.4800,5.5400,5.4100,5.5200,5.4800,8525364,46791447.0800,3,1.083800,1,0.729900,44.055906,1.059831,4.170485,1.416663,0
2020-10-21,sz.002588,5.5100,5.5300,5.4000,5.4400,5.5200,7118716,38882913.5200,3,0.905000,1,-1.449300,43.417414,1.044472,4.110044,1.396132,0
2020-10-22,sz.002588,5.4000,5.4300,5.2900,5.3200,5.4400,6729977,35860925.8700,3,0.855600,1,-2.205900,42.459677,1.021432,4.019381,1.365335,0
2020-10-23,sz.002588,5.3100,5.3900,5.2300,5.2400,5.3200,5624302,29793842.9300,3,0.715000,1,-1.503800,41.821186,1.006072,3.958939,1.344803,0
2020-10-26,sz.002588,5.2400,5.3000,5.2000,5.2800,5.2400,5186744,27256364.8300,3,0.659400,1,0.763400,42.140431,1.013752,3.989160,1.355069,0
2020-10-27,sz.002588,5.2600,5.4300,5.2300,5.4200,5.2800,9353012,50351098.7700,3,1.189100,1,2.651500,43.257791,1.040632,4.094933,1.390999,0
2020-10-28,sz.002588,5.4200,5.4500,5.3600,5.4400,5.4200,6244549,33784529.6000,3,0.793900,1,0.369000,43.417414,1.044472,4.110044,1.396132,0
2020-10-29,sz.002588,5.4700,5.6000,5.4000,5.5400,5.4400,17354532,95892329.6000,3,2.206300,1,1.838200,32.946902,1.073446,3.852987,1.403905,0
2020-10-30,sz.002588,5.5400,5.5500,5.2600,5.2600,5.5400,14848189,79855180.6100,3,1.887700,1,-5.054200,31.281715,1.019192,3.658252,1.332950,0
2020-11-02,sz.002588,5.2600,5.2700,5.0000,5.0400,5.2600,15123656,77399740.0000,3,1.922700,1,-4.182500,29.973355,0.976564,3.505245,1.277199,0
2020-11-03,sz.002588,5.0500,5.1400,4.9800,5.1100,5.0400,7684595,38990832.8600,3,0.977000,1,1.388900,30.389651,0.990128,3.553929,1.294938,0
2020-11-04,sz.002588,5.1100,5.1800,5.0300,5.0700,5.1100,5027953,25545300.2500,3,0.639200,1,-0.782800,30.151768,0.982377,3.526109,1.284801,0
2020-11-05,sz.002588,5.1300,5.1600,5.0600,5.1500,5.0700,6837992,34943148.5200,3,0.869300,1,1.577900,30.627535,0.997878,3.581748,1.305074,0
2020-11-06,sz.002588,5.1400,5.1600,5.0600,5.0900,5.1500,5606196,28558412.7200,3,0.712700,1,-1.165000,30.270709,0.986252,3.540019,1.289870,0
2020-11-09,sz.002588,5.1200,5.3300,5.0900,5.3100,5.0900,12591788,66217367.0200,3,1.600800,1,4.322200,31.579070,1.028880,3.693026,1.345620,0
2020-11-10,sz.002588,5.3800,5.4700,5.3100,5.3400,5.3100,10844468,58379742.8000,3,1.378700,1,0.565000,31.757483,1.034693,3.713890,1.353223,0
2020-11-11,sz.002588,5.3500,5.4600,5.3300,5.3400,5.3400,10194653,54984823.1900,3,1.296100,1,0.000000,31.757483,1.034693,3.713890,1.353223,0
2020-11-12,sz.002588,5.3300,5.4200,5.2700,5.4100,5.3400,7244894,38798842.8200,3,0.921100,1,1.310900,32.173780,1.048257,3.762574,1.370962,0
2020-11-13,sz.002588,5.4000,5.4600,5.3200,5.4100,5.4100,7249677,39143265.3300,3,0.921700,1,0.000000,32.173780,1.048257,3.762574,1.370962,0
2020-11-16,sz.002588,5.4000,5.5700,5.4000,5.5300,5.4100,14762450,81278358.4500,3,1.876800,1,2.218100,32.887431,1.071508,3.846033,1.401371,0
2020-11-17,sz.002588,5.5400,5.5800,5.4500,5.4800,5.5300,8887261,48926466.8400,3,1.129900,1,-0.904200,32.590076,1.061820,3.811258,1.388701,0
2020-11-18,sz.002588,5.4900,5.5900,5.4700,5.5200,5.4800,10848146,60032375.7900,3,1.379100,1,0.729900,32.827960,1.069570,3.839078,1.398837,0
2020-11-19,sz.002588,5.5400,5.5400,5.4600,5.5100,5.5200,7634984,42062847.0000,3,0.970600,1,-0.181200,32.768489,1.067633,3.832123,1.396303,0
2020-11-20,sz.002588,5.5500,5.5500,5.4500,5.5300,5.5100,6812128,37472222.8500,3,0.866000,1,0.363000,32.887431,1.071508,3.846033,1.401371,0
2020-11-23,sz.002588,5.5500,5.6200,5.4700,5.6200,5.5300,12323931,68637992.4500,3,1.566800,1,1.627500,33.422669,1.088947,3.908626,1.424178,0
2020-11-24,sz.002588,5.5500,5.6600,5.5300,5.6200,5.6200,8800000,49203494.0000,3,1.118800,1,0.000000,33.422669,1.088947,3.908626,1.424178,0
2020-11-25,sz.002588,5.6200,5.6500,5.4600,5.4800,5.6200,8297509,46037796.2200,3,1.054900,1,-2.491100,32.590076,1.061820,3.811258,1.388701,0
2020-11-26,sz.002588,5.4600,5.5100,5.3700,5.3900,5.4800,8912484,48233889.6400,3,1.133100,1,-1.642300,32.054838,1.044381,3.748665,1.365893,0
2020-11-27,sz.002588,5.4100,5.4600,5.3100,5.4100,5.3900,6312073,34013180.9000,3,0.802500,1,0.371100,32.173780,1.048257,3.762574,1.370962,0
2020-11-30,sz.002588,5.4500,5.5500,5.4100,5.4700,5.4100,8846664,48566310.9200,3,1.124700,1,1.109100,32.530605,1.059882,3.804303,1.386166,0
2020-12-01,sz.002588,5.4800,5.4900,5.3500,5.4400,5.4700,7929850,43025279.8000,3,1.008100,1,-0.548400,32.352192,1.054069,3.783439,1.378564,0
2020-12-02,sz.002588,5.4000,5.4800,5.3800,5.4100,5.4400,6361468,34492555.5200,3,0.808700,1,-0.551500,32.173780,1.048257,3.762574,1.370962,0
2020-12-03,sz.002588,5.4600,5.4600,5.3300,5.3800,5.4100,8368119,44942248.8400,3,1.063900,1,-0.554500,31.995367,1.042444,3.741710,1.363359,0
2020-12-04,sz.002588,5.3600,5.4200,5.3300,5.3700,5.3800,6047982,32481931.9100,3,0.768900,1,-0.185900,31.935896,1.040506,3.734755,1.360825,0
2020-12-07,sz.002588,5.3400,5.4200,5.2700,5.2900,5.3700,10455190,55605043.4000,3,1.329200,1,-1.489800,31.460128,1.025005,3.679116,1.340552,0
2020-12-08,sz.002588,5.3000,5.3500,5.2700,5.3000,5.2900,5121969,27227095.2100,3,0.651200,1,0.189000,31.519599,1.026943,3.686071,1.343086,0
2020-12-09,sz.002588,5.2900,5.3100,5.1100,5.1200,5.3000,9011174,46837563.5200,3,1.145600,1,-3.396200,30.449122,0.992065,3.560884,1.297472,0
2020-12-10,sz.002588,5.1800,5.2900,5.1400,5.2200,5.1200,7321250,38235955.5200,3,0.930800,1,1.953100,31.043832,1.011442,3.630432,1.322813,0
2020-12-11,sz.002588,5.1800,5.2300,5.0900,5.1100,5.2200,7049150,36168132.0000,3,0.896200,1,-2.107300,30.389651,0.990128,3.553929,1.294938,0
2020-12-14,sz.002588,5.0700,5.1200,5.0300,5.0700,5.1100,4365033,22157973.9600,3,0.554900,1,-0.782800,30.151768,0.982377,3.526109,1.284801,0
2020-12-15,sz.002588,5.0800,5.0900,5.0000,5.0200,5.0700,5035466,25273188.9900,3,0.640200,1,-0.986200,29.854413,0.972689,3.491335,1.272131,0
2020-12-16,sz.002588,5.0700,5.2700,5.0500,5.2100,5.0200,12438129,64632209.4500,3,1.581300,1,3.784900,30.984361,1.009504,3.623477,1.320279,0
2020-12-17,sz.002588,5.1600,5.2000,5.1000,5.1600,5.2100,6961400,35900728.0000,3,0.885000,1,-0.959700,30.687006,0.999816,3.588703,1.307609,0
2020-12-18,sz.002588,5.1900,5.2500,5.1600,5.1800,5.1600,5238698,27227802.2800,3,0.666000,1,0.387600,30.805948,1.003691,3.602613,1.312677,0
2020-12-21,sz.002588,5.2600,5.5500,5.2300,5.5500,5.1800,24055673,130787815.4100,3,3.058200,1,7.142900,33.006373,1.075383,3.859942,1.406439,0
2020-12-22,sz.002588,5.4900,5.5600,5.3900,5.4400,5.5500,15098805,82556498.9300,3,1.919500,1,-1.982000,32.352192,1.054069,3.783439,1.378564,0
2020-12-23,sz.002588,5.4400,5.5100,5.3600,5.4800,5.4400,15222280,82721989.4000,3,1.935200,1,0.735300,32.590076,1.061820,3.811258,1.388701,0
2020-12-24,sz.002588,5.4600,5.5500,5.3600,5.4000,5.4800,11544459,62745243.1900,3,1.467700,1,-1.459900,32.114309,1.046319,3.755620,1.368428,0
2020-12-25,sz.002588,5.3600,5.4300,5.3100,5.3700,5.4000,7274900,39041968.0000,3,0.924900,1,-0.555600,31.935896,1.040506,3.734755,1.360825,0
2020-12-28,sz.002588,5.2800,5.3400,5.1700,5.2000,5.3700,11514900,60367394.0400,3,1.463900,1,-3.165700,30.924890,1.007566,3.616522,1.317745,0
2020-12-29,sz.002588,5.2100,5.2400,5.0800,5.1000,5.2000,8789899,45359789.8400,3,1.117500,1,-1.923100,30.330180,0.988190,3.546974,1.292404,0
2020-12-30,sz.002588,5.1000,5.2800,5.0800,5.2200,5.1000,8356154,43395166.8000,3,1.062300,1,2.352900,31.043832,1.011442,3.630432,1.322813,0
2020-12-31,sz.002588,5.2200,5.7400,5.2000,5.7400,5.2200,39121991,219161477.4700,3,4.973600,1,9.961700,34.136321,1.112198,3.992084,1.454588,0
2021-01-04,sz.002588,5.8800,5.9600,5.7300,5.9100,5.7400,40334687,236611237.0400,3,5.127800,1,2.961700,35.147327,1.145138,4.110317,1.497668,0
2021-01-05,sz.002588,5.8400,5.8400,5.6200,5.6700,5.9100,28053904,159950603.2700,3,3.566500,1,-4.060900,33.720024,1.098635,3.943400,1.436849,0
2021-01-06,sz.002588,5.9700,6.0900,5.7800,5.8400,5.6700,54118020,319654588.3500,3,6.880100,1,2.998200,34.731030,1.131575,4.061633,1.479929,0
2021-01-07,sz.002588,5.6200,5.8700,5.6200,5.6300,5.8400,33047837,188545278.8400,3,4.201400,1,-3.595900,33.482140,1.090884,3.915581,1.426712,0
2021-01-08,sz.002588,5.7300,5.8700,5.4800,5.7300,5.6300,25200343,143496977.4600,3,3.203800,1,1.776200,34.076850,1.110261,3.985130,1.452054,0
2021-01-11,sz.002588,5.7300,6.0400,5.7200,5.9300,5.7300,42737434,252439236.9800,3,5.433300,1,3.490400,35.266269,1.149013,4.124227,1.502736,0
2021-01-12,sz.002588,5.8600,6.1400,5.8300,6.0700,5.9300,35530881,215220223.3000,3,4.517100,1,2.360900,36.098862,1.176140,4.221595,1.538214,0
2021-01-13,sz.002588,6.0700,6.1100,5.9100,5.9400,6.0700,26171646,156401903.8600,3,3.327200,1,-2.141700,35.325739,1.150951,4.131181,1.505270,0
2021-01-14,sz.002588,5.9600,6.1800,5.8200,6.1400,5.9400,25192257,149908186.2900,3,3.202700,1,3.367000,36.515158,1.189703,4.270278,1.555953,0
2021-01-15,sz.002588,6.0800,6.2400,6.0300,6.0500,6.1400,26345700,160980632.6200,3,3.349400,1,-1.465800,35.979920,1.172265,4.207685,1.533146,0
2021-01-18,sz.002588,5.9600,6.1600,5.9200,6.1400,6.0500,23540606,143446371.9000,3,2.992800,1,1.487600,36.515158,1.189703,4.270278,1.555953,0
2021-01-19,sz.002588,6.1100,6.1300,5.8800,5.9200,6.1400,21913872,131430557.6700,3,2.785900,1,-3.583100,35.206798,1.147076,4.117272,1.500202,0
2021-01-20,sz.002588,5.9100,5.9900,5.7900,5.8800,5.9200,14234290,83540019.9900,3,1.809600,1,-0.675700,34.968914,1.139325,4.089452,1.490066,0
2021-01-21,sz.002588,5.9200,6.1900,5.9000,6.0900,5.8800,27432073,167003243.2400,3,3.487500,1,3.571400,36.217804,1.180015,4.235504,1.543282,0
2021-01-22,sz.002588,6.0300,6.0700,5.8500,5.9000,6.0900,18877053,111888165.1100,3,2.399900,1,-3.119900,35.087856,1.143200,4.103362,1.495134,0
2021-01-25,sz.002588,5.9000,6.0100,5.8300,5.9000,5.9000,17111509,100944554.1800,3,2.175400,1,0.000000,35.087856,1.143200,4.103362,1.495134,0
2021-01-26,sz.002588,5.8800,5.8900,5.6500,5.6900,5.9000,19124868,109704145.6600,3,2.431400,1,-3.559300,33.838966,1.102510,3.957310,1.441917,0
2021-01-27,sz.002588,5.6900,5.7500,5.6500,5.7300,5.6900,8568800,48893612.0000,3,1.089400,1,0.703000,34.076850,1.110261,3.985130,1.452054,0
2021-01-28,sz.002588,5.6500,5.6900,5.4200,5.4400,5.7300,15603249,86665800.8900,3,1.983700,1,-5.061100,32.352192,1.054069,3.783439,1.378564,0
2021-01-29,sz.002588,5.5000,5.5000,5.2400,5.3500,5.4400,14309372,76688408.0900,3,1.819200,1,-1.654400,31.816954,1.036631,3.720845,1.355757,0
2021-02-01,sz.002588,5.3500,5.4400,5.1200,5.2200,5.3500,17801888,93281079.6000,3,2.263200,1,-2.429900,31.043832,1.011442,3.630432,1.322813,0
2021-02-02,sz.002588,5.2200,5.2500,5.1200,5.1800,5.2200,13878900,71517575.0000,3,1.764400,1,-0.766300,30.805948,1.003691,3.602613,1.312677,0
2021-02-03,sz.002588,5.2200,5.4500,5.1200,5.4200,5.1800,22743795,120719103.5100,3,2.891500,1,4.633200,32.233250,1.050194,3.769529,1.373496,0
2021-02-04,sz.002588,5.3800,5.4500,5.1700,5.3100,5.4200,18440700,97688079.5500,3,2.344400,1,-2.029500,31.579070,1.028880,3.693026,1.345620,0
2021-02-05,sz.002588,5.3000,5.3200,4.9800,5.0100,5.3100,19864359,101886370.8200,3,2.525400,1,-5.649700,29.794942,0.970751,3.484380,1.269597,0
2021-02-08,sz.002588,5.0600,5.4100,5.0000,5.3400,5.0100,22653121,118895577.2400,3,2.879900,1,6.586800,31.757483,1.034693,3.713890,1.353223,0
2021-02-09,sz.002588,5.2900,5.4300,5.2400,5.3800,5.3400,16469382,88101436.1600,3,2.093800,1,0.749100,31.995367,1.042444,3.741710,1.363359,0
2021-02-10,sz.002588,5.3700,5.6400,5.3300,5.5800,5.3800,22394026,123700193.1100,3,2.847000,1,3.717500,33.184786,1.081196,3.880807,1.414042,0
2021-02-18,sz.002588,5.7300,5.9200,5.7000,5.8200,5.5800,27686572,160707625.2000,3,3.519800,1,4.301100,34.612088,1.127699,4.047723,1.474861,0
2021-02-19,sz.002588,5.8600,5.9500,5.7800,5.8700,5.8200,32348975,190487019.6700,3,4.112600,1,0.859100,34.909443,1.137387,4.082498,1.487531,0
2021-02-22,sz.002588,6.0100,6.2100,5.9800,5.9800,5.8700,45567515,278146231.4600,3,5.793100,1,1.873900,35.563623,1.158701,4.159001,1.515407,0
2021-02-23,sz.002588,6.0200,6.1900,5.8900,6.0200,5.9800,38385012,232350137.3300,3,4.879900,1,0.668900,35.801507,1.166452,4.186820,1.525543,0
2021-02-24,sz.002588,5.9300,6.0000,5.7900,5.8700,6.0200,24485310,143756105.7400,3,3.112900,1,-2.491700,34.909443,1.137387,4.082498,1.487531,0
2021-02-25,sz.002588,5.9500,5.9600,5.6700,5.7000,5.8700,19524259,111963330.8000,3,2.482100,1,-2.896100,33.898437,1.104448,3.964265,1.444451,0
2021-02-26,sz.002588,5.6000,5.7300,5.5800,5.6700,5.7000,16724718,94772188.9500,3,2.126200,1,-0.526300,33.720024,1.098635,3.943400,1.436849,0
2021-03-01,sz.002588,5.7100,6.2400,5.6800,6.2400,5.6700,34880917,211979011.7100,3,4.434500,1,10.052900,37.109868,1.209080,4.339827,1.581294,0
2021-03-02,sz.002588,6.2400,6.4400,6.1000,6.2700,6.2400,64681664,406000432.3400,3,8.223100,1,0.480800,37.288281,1.214893,4.360692,1.588896,0
2021-03-03,sz.002588,6.2400,6.4000,6.1400,6.3700,6.2700,50004431,313412874.8000,3,6.357100,1,1.594900,37.882990,1.234269,4.430240,1.614238,0
2021-03-04,sz.002588,6.3000,6.3400,6.0600,6.1600,6.3700,39852987,245783174.4600,3,5.066600,1,-3.296700,36.634100,1.193579,4.284188,1.561021,0
2021-03-05,sz.002588,6.0600,6.1900,6.0300,6.0900,6.1600,25501758,155607123.8300,3,3.242100,1,-1.136400,36.217804,1.180015,4.235504,1.543282,0
2021-03-08,sz.002588,6.1200,6.2500,5.8300,5.8500,6.0900,32357183,193782119.0200,3,4.113600,1,-3.940900,34.790501,1.133512,4.068588,1.482463,0
2021-03-09,sz.002588,5.8200,5.8500,5.3900,5.4500,5.8500,28312271,159190487.5400,3,3.599400,1,-6.837600,32.411663,1.056007,3.790394,1.381098,0
2021-03-10,sz.002588,5.5100,5.5100,5.2600,5.3400,5.4500,20080439,107593872.5900,3,2.552900,1,-2.018300,31.757483,1.034693,3.713890,1.353223,0
2021-03-11,sz.002588,5.3700,5.4800,5.2700,5.4700,5.3400,14801410,80053482.2500,3,1.881700,1,2.434500,32.530605,1.059882,3.804303,1.386166,0
2021-03-12,sz.002588,5.4700,5.5300,5.3700,5.5100,5.4700,15194130,83039491.7600,3,1.931700,1,0.731300,32.768489,1.067633,3.832123,1.396303,0
2021-03-15,sz.002588,5.5300,5.7700,5.5200,5.7500,5.5100,27910593,158059782.9600,3,3.548300,1,4.355700,34.195792,1.114136,3.999039,1.457122,0
2021-03-16,sz.002588,5.6800,5.8400,5.6600,5.8000,5.7500,18656846,107194409.9200,3,2.371900,1,0.869600,34.493146,1.123824,4.033814,1.469793,0
2021-03-17,sz.002588,5.7800,5.8400,5.6900,5.7900,5.8000,14330585,83028544.0100,3,1.821900,1,-0.172400,34.433675,1.121886,4.026859,1.467258,0
2021-03-18,sz.002588,5.8100,5.9900,5.8000,5.8800,5.7900,18549331,109543054.4800,3,2.358200,1,1.554400,34.968914,1.139325,4.089452,1.490066,0
2021-03-19,sz.002588,5.8000,6.0000,5.7700,5.9500,5.8800,20721435,122925082.0100,3,2.634300,1,1.190500,35.385210,1.152888,4.138136,1.507804,0
2021-03-22,sz.002588,5.9500,5.9800,5.8500,5.9800,5.9500,16047959,95028394.0300,3,2.040200,1,0.504200,35.563623,1.158701,4.159001,1.515407,0
2021-03-23,sz.002588,5.9600,5.9600,5.8000,5.8500,5.9800,12545105,73612326.1200,3,1.594900,1,-2.173900,34.790501,1.133512,4.068588,1.482463,0
2021-03-24,sz.002588,5.8500,5.8800,5.6000,5.6400,5.8500,15506500,88220533.7300,3,1.971400,1,-3.589700,33.541611,1.092822,3.922536,1.429247,0
2021-03-25,sz.002588,5.6800,5.7100,5.5300,5.5600,5.6400,9676495,54360220.5500,3,1.230200,1,-1.418400,33.065844,1.077321,3.866897,1.408974,0
2021-03-26,sz.002588,5.6000,5.6700,5.5200,5.5900,5.5600,10859549,60761276.8300,3,1.380600,1,0.539600,33.244257,1.083134,3.887762,1.416576,0
2021-03-29,sz.002588,5.5800,5.6400,5.4700,5.6400,5.5900,12695600,70481142.8300,3,1.614000,1,0.894500,33.541611,1.092822,3.922536,1.429247,0
2021-03-30,sz.002588,5.6300,5.6300,5.4000,5.4800,5.6400,12892146,70610703.3500,3,1.639000,1,-2.836900,32.590076,1.061820,3.811258,1.388701,0
2021-03-31,sz.002588,5.4500,5.5400,5.4300,5.5300,5.4800,6988423,38340486.0800,3,0.888400,1,0.912400,32.887431,1.071508,3.846033,1.401371,0
2021-04-01,sz.002588,5.6000,5.6700,5.5300,5.5500,5.5300,12354606,68951548.5400,3,1.570700,1,0.361700,33.006373,1.075383,3.859942,1.406439,0
2021-04-02,sz.002588,5.5000,5.5400,5.4500,5.5000,5.5500,8451046,46364183.4600,3,1.074400,1,-0.900900,32.709018,1.065695,3.825168,1.393769,0
2021-04-06,sz.002588,5.4700,5.6200,5.4600,5.5900,5.5000,8263027,45823790.9300,3,1.050500,1,1.636400,33.244257,1.083134,3.887762,1.416576,0
2021-04-07,sz.002588,5.6300,5.6500,5.5800,5.6500,5.5900,10855984,60994256.7600,3,1.380100,1,1.073300,33.601082,1.094760,3.929491,1.431781,0
2021-04-08,sz.002588,5.6400,5.6400,5.5000,5.5200,5.6500,11750683,65139623.8200,3,1.493900,1,-2.300900,32.827960,1.069570,3.839078,1.398837,0
2021-04-09,sz.002588,5.5000,5.5700,5.4500,5.5200,5.5200,7085522,39006928.1200,3,0.900800,1,0.000000,32.827960,1.069570,3.839078,1.398837,0
2021-04-12,sz.002588,5.4800,5.5100,5.2900,5.3600,5.5200,14502865,77940862.6200,3,1.843800,1,-2.898600,31.876425,1.038568,3.727800,1.358291,0
2021-04-13,sz.002588,5.3400,5.4300,5.3100,5.3600,5.3600,6718057,36120912.5400,3,0.854100,1,0.000000,21.932420,1.002162,3.727800,1.358291,0
2021-04-14,sz.002588,5.3700,5.3800,5.2600,5.3300,5.3600,11382300,60332861.0000,3,1.447000,1,-0.559700,21.809664,0.996553,3.706936,1.350689,0
2021-04-15,sz.002588,5.3300,5.3300,5.1900,5.2400,5.3300,11642158,60942600.8900,3,1.480100,1,-1.688600,21.441396,0.979725,3.644342,1.327882,0
2021-04-16,sz.002588,5.2500,5.3500,5.2500,5.2700,5.2400,13487929,71350696.1800,3,1.714700,1,0.572500,21.564152,0.985334,3.665206,1.335484,0
2021-04-19,sz.002588,5.3100,5.3500,5.2600,5.3500,5.2700,14574920,77480849.1800,3,1.852900,1,1.518000,21.891501,1.000292,3.720845,1.355757,0
2021-04-20,sz.002588,5.3300,5.3400,5.2700,5.2700,5.3500,10652584,56617551.1500,3,1.354300,1,-1.495300,21.564152,0.985334,3.665206,1.335484,0
2021-04-21,sz.002588,5.2300,5.2700,5.1300,5.2400,5.2700,10570504,55011068.8400,3,1.343800,1,-0.569300,21.441396,0.979725,3.644342,1.327882,0
2021-04-22,sz.002588,5.2400,5.2700,5.1900,5.2100,5.2400,8781175,45778878.0000,3,1.116400,1,-0.572500,21.318640,0.974116,3.623477,1.320279,0
2021-04-23,sz.002588,5.2200,5.2300,5.1100,5.1300,5.2100,9558394,49246591.1600,3,1.215200,1,-1.535500,20.991290,0.959159,3.567839,1.300006,0
2021-04-26,sz.002588,5.1300,5.1900,5.1100,5.1300,5.1300,7961817,41021593.8700,3,1.012200,1,0.000000,20.991290,0.959159,3.567839,1.300006,0
2021-04-27,sz.002588,5.1300,5.1300,5.0500,5.1200,5.1300,8499300,43233373.6000,3,1.080500,1,-0.194900,20.950371,0.957289,3.560884,1.297472,0
2021-04-28,sz.002588,5.1300,5.1600,5.0900,5.1100,5.1200,6747241,34482878.4400,3,0.857800,1,-0.195300,18.098962,0.999532,19.135001,1.240410,0
2021-04-29,sz.002588,5.1200,5.1900,5.1000,5.1500,5.1100,7092983,36559629.5400,3,0.901700,1,0.782800,18.240637,1.007356,19.284786,1.250120,0
2021-04-30,sz.002588,5.1800,5.1900,5.0800,5.1200,5.1500,6425175,32924154.5000,3,0.816800,1,-0.582500,18.134381,1.001488,19.172447,1.242838,0
2021-05-06,sz.002588,5.0900,5.1700,5.0800,5.1600,5.1200,7400063,37911241.6500,3,0.940800,1,0.781300,18.276055,1.009312,19.322232,1.252548,0
2021-05-07,sz.002588,5.1700,5.2500,5.1500,5.2300,5.1600,10513919,54781623.9000,3,1.336600,1,1.356600,18.523986,1.023004,19.584355,1.269539,0
2021-05-10,sz.002588,5.2200,5.2400,5.1500,5.2100,5.2300,13578178,70544493.8600,3,1.726200,1,-0.382400,18.453149,1.019092,19.509463,1.264685,0
2021-05-11,sz.002588,5.1800,5.2100,5.1500,5.2000,5.2100,6631347,34301702.9500,3,0.843100,1,-0.191900,18.417730,1.017136,19.472017,1.262257,0
2021-05-12,sz.002588,5.2100,5.2900,5.1700,5.2900,5.2000,12194325,64020044.8100,3,1.550300,1,1.730800,18.736499,1.034740,19.809032,1.284104,0
2021-05-13,sz.002588,5.2500,5.3100,5.2200,5.2600,5.2900,9532664,50265324.3300,3,1.211900,1,-0.567100,18.630243,1.028872,19.696694,1.276822,0
2021-05-14,sz.002588,5.2300,5.2800,5.2300,5.2700,5.2600,8007436,42068712.4500,3,1.018000,1,0.190100,18.665661,1.030828,19.734140,1.279249,0
2021-05-17,sz.002588,5.2400,5.2700,5.1600,5.1700,5.2700,8550545,44611203.6500,3,1.087000,1,-1.897500,18.311474,1.011268,19.359678,1.254975,0
2021-05-18,sz.002588,5.1700,5.1700,5.1200,5.1500,5.1700,7294155,37503866.1500,3,0.927300,1,-0.386800,18.240637,1.007356,19.284786,1.250120,0
2021-05-19,sz.002588,5.1400,5.1700,5.1200,5.1300,5.1500,5184700,26645276.0000,3,0.659100,1,-0.388300,18.169799,1.003444,19.209893,1.245265,0
2021-05-20,sz.002588,5.1100,5.1500,5.0600,5.1500,5.1300,5804118,29630476.8200,3,0.737900,1,0.389900,18.240637,1.007356,19.284786,1.250120,0
2021-05-21,sz.002588,5.1500,5.1600,5.1000,5.1200,5.1500,4517700,23181333.0000,3,0.574300,1,-0.582500,18.134381,1.001488,19.172447,1.242838,0
2021-05-24,sz.002588,5.1300,5.1600,5.1000,5.1600,5.1200,5279237,27109609.3200,3,0.671200,1,0.781300,18.276055,1.009312,19.322232,1.252548,0
2021-05-25,sz.002588,5.1600,5.2200,5.1000,5.2000,5.1600,8299103,42913975.5300,3,1.055100,1,0.775200,18.417730,1.017136,19.472017,1.262257,0
2021-05-26,sz.002588,5.2000,5.2300,5.1900,5.2100,5.2000,7021092,36540599.9200,3,0.892600,1,0.192300,18.453149,1.019092,19.509463,1.264685,0
2021-05-27,sz.002588,5.2100,5.3100,5.1900,5.2800,5.2100,11765396,61967717.0400,3,1.495800,1,1.343600,18.701080,1.032784,19.771586,1.281677,0
2021-05-28,sz.002588,5.2800,5.2800,5.1700,5.1800,5.2800,6902221,36035917.7800,3,0.877500,1,-1.893900,18.346893,1.013224,19.397124,1.257402,0
2021-05-31,sz.002588,5.1800,5.2000,5.1300,5.1400,5.1800,7173600,36956507.0000,3,0.912000,1,-0.772200,18.205218,1.005400,19.247339,1.247693,0
2021-06-01,sz.002588,5.1600,5.2000,5.1000,5.2000,5.1400,9117377,46831008.4700,3,1.159100,1,1.167300,18.417730,1.017136,19.472017,1.262257,0
2021-06-02,sz.002588,5.1900,5.2800,5.1800,5.2200,5.2000,12599690,65812038.5100,3,1.601800,1,0.384600,18.488568,1.021048,19.546909,1.267112,0
2021-06-03,sz.002588,5.2300,5.2300,5.1200,5.1300,5.2200,10691373,55304995.2200,3,1.359200,1,-1.724100,18.169799,1.003444,19.209893,1.245265,0
2021-06-04,sz.002588,5.1300,5.1700,5.1200,5.1300,5.1300,6864969,35245757.2800,3,0.872800,1,0.000000,18.169799,1.003444,19.209893,1.245265,0
2021-06-07,sz.002588,5.1500,5.2300,5.1400,5.2100,5.1300,7468073,38815627.8000,3,0.949400,1,1.559500,18.453149,1.019092,19.509463,1.264685,0
2021-06-08,sz.002588,5.2300,5.2600,5.1700,5.2300,5.2100,7074500,36889260.0000,3,0.899400,1,0.383900,18.523986,1.023004,19.584355,1.269539,0
2021-06-09,sz.002588,5.2200,5.4300,5.1900,5.3700,5.2300,23464482,124968928.1900,3,2.983100,1,2.676900,19.019848,1.050388,20.108602,1.303523,0
2021-06-10,sz.002588,5.3500,5.3600,5.2600,5.3000,5.3700,14287274,75651330.1900,3,1.816400,1,-1.303500,18.771917,1.036696,19.846478,1.286531,0
2021-06-11,sz.002588,5.2500,5.3300,5.2200,5.2200,5.2300,10609092,55723815.7200,3,1.348700,1,-0.191200,18.488568,1.021048,19.546909,1.267112,0
2021-06-15,sz.002588,5.2200,5.2300,5.1300,5.1400,5.2200,8376624,43161688.2800,3,1.064900,1,-1.532600,18.205218,1.005400,19.247339,1.247693,0
2021-06-16,sz.002588,5.1400,5.1700,5.0800,5.0900,5.1400,7588800,38787468.0000,3,0.964800,1,-0.972800,18.028124,0.995620,19.060109,1.235556,0
2021-06-17,sz.002588,5.0900,5.1100,5.0600,5.0600,5.0900,5431217,27559679.0200,3,0.690500,1,-0.589400,17.921868,0.989752,18.947770,1.228273,0
2021-06-18,sz.002588,5.0800,5.0900,5.0500,5.0900,5.0600,5243180,26594785.1200,3,0.666600,1,0.592900,18.028124,0.995620,19.060109,1.235556,0
2021-06-21,sz.002588,5.0900,5.2200,5.0700,5.1800,5.0900,8582554,44235986.1200,3,1.091100,1,1.768200,18.346893,1.013224,19.397124,1.257402,0
2021-06-22,sz.002588,5.2100,5.4200,5.1800,5.3300,5.1800,25162380,134457955.2400,3,3.198900,1,2.895800,18.878173,1.042564,19.958817,1.293814,0
2021-06-23,sz.002588,5.3300,5.3400,5.2300,5.2800,5.3300,13742449,72520867.2300,3,1.747100,1,-0.938100,18.701080,1.032784,19.771586,1.281677,0
2021-06-24,sz.002588,5.2700,5.3400,5.2300,5.2600,5.2800,9706339,51264031.9300,3,1.234000,1,-0.378800,18.630243,1.028872,19.696694,1.276822,0
2021-06-25,sz.002588,5.2700,5.3300,5.2500,5.2700,5.2600,7635232,40307977.4400,3,0.970700,1,0.190100,18.665661,1.030828,19.734140,1.279249,0
2021-06-28,sz.002588,5.2800,5.3000,5.2200,5.3000,5.2700,9349033,49179508.6500,3,1.188600,1,0.569300,18.771917,1.036696,19.846478,1.286531,0
2021-06-29,sz.002588,5.3000,5.3200,5.2100,5.2400,5.3000,6755400,35486697.0000,3,0.858800,1,-1.132100,18.559405,1.024960,19.621801,1.271967,0
2021-06-30,sz.002588,5.3000,5.4300,5.2700,5.3000,5.2400,11315174,60243314.3900,3,1.438500,1,1.145000,18.771917,1.036696,19.846478,1.286531,0
2021-07-01,sz.002588,5.2700,5.3100,5.1300,5.1500,5.3000,9798542,51026172.6800,3,1.245700,1,-2.830200,18.240637,1.007356,19.284786,1.250120,0
2021-07-02,sz.002588,5.1600,5.1900,5.0900,5.1100,5.1500,6560569,33670935.7800,3,0.834100,1,-0.776700,18.098962,0.999532,19.135001,1.240410,0
2021-07-05,sz.002588,5.1100,5.1600,5.1100,5.1600,5.1100,3715596,19101632.4000,3,0.472400,1,0.978500,18.276055,1.009312,19.322232,1.252548,0
2021-07-06,sz.002588,5.2900,5.3600,5.2100,5.3200,5.1600,18431010,97462242.9900,3,2.343200,1,3.100800,18.842755,1.040608,19.921371,1.291386,0
2021-07-07,sz.002588,5.3100,5.8500,5.2900,5.7100,5.3200,61423812,346328058.6100,3,7.808900,1,7.330800,20.224085,1.116894,21.381772,1.386055,0
2021-07-08,sz.002588,5.6100,5.8500,5.6000,5.6200,5.7100,35751484,202455679.4700,3,4.545100,1,-1.576200,19.905316,1.099289,21.044756,1.364209,0
2021-07-09,sz.002588,5.5400,5.9800,5.5300,5.8700,5.6200,43861742,254176305.2200,3,5.576200,1,4.448400,20.790784,1.148190,21.980911,1.424894,0
2021-07-12,sz.002588,5.9100,6.1400,5.7500,5.9800,5.8700,49812712,295448008.6500,3,6.332800,1,1.873900,21.180390,1.169706,22.392819,1.451596,0
2021-07-13,sz.002588,5.9500,5.9600,5.8000,5.8400,5.9800,23845156,139322280.3700,3,3.031500,1,-2.341100,20.684528,1.142322,21.868572,1.417612,0
2021-07-14,sz.002588,5.7800,5.8700,5.7000,5.7400,5.8400,23266065,134733364.0800,3,2.957800,1,-1.712300,20.330341,1.122762,21.494111,1.393338,0
2021-07-15,sz.002588,5.6900,5.8200,5.6000,5.8000,5.7400,20082422,115550289.5800,3,2.553100,1,1.045300,20.542853,1.134498,21.718788,1.407902,0
2021-07-16,sz.002588,5.7200,6.2700,5.7200,6.1900,5.8000,46921398,284345459.8400,3,5.965200,1,6.724100,21.924183,1.210783,23.179189,1.502572,0
2021-07-19,sz.002588,6.2800,6.3300,6.0100,6.1100,6.1900,37637744,231832399.9200,3,4.784900,1,-1.292400,21.640833,1.195135,22.879619,1.483152,0
2021-07-20,sz.002588,6.0300,6.0900,5.8600,5.9800,6.1100,24090048,143479052.1400,3,3.062600,1,-2.127700,21.180390,1.169706,22.392819,1.451596,0
2021-07-21,sz.002588,6.0100,6.0800,5.9000,5.9800,5.9800,23530917,140558959.7200,3,2.991500,1,0.000000,21.180390,1.169706,22.392819,1.451596,0
2021-07-22,sz.002588,5.9900,6.2400,5.9700,6.2200,5.9800,31968910,194955924.7100,3,4.064300,1,4.013400,22.030439,1.216651,23.291528,1.509854,0
2021-07-23,sz.002588,6.1600,6.1700,6.0000,6.0100,6.2200,24495972,148832532.7600,3,3.114200,1,-3.376200,21.286646,1.175574,22.505158,1.458878,0
2021-07-26,sz.002588,5.9300,6.0400,5.7700,5.9200,6.0100,29087478,172215465.7800,3,3.697900,1,-1.497500,20.967878,1.157970,22.168142,1.437031,0
2021-07-27,sz.002588,6.0100,6.1500,5.5200,5.5600,5.9200,28490368,166642939.6100,3,3.622000,1,-6.081100,19.692804,1.087553,20.820079,1.349644,0
2021-07-28,sz.002588,5.5000,5.5800,5.2000,5.2900,5.5600,24923386,133095101.7300,3,3.168500,1,-4.856100,18.736499,1.034740,19.809032,1.284104,0
2021-07-29,sz.002588,5.3500,5.6500,5.3500,5.5600,5.2900,22053521,121458833.4500,3,2.803700,1,5.104000,19.692804,1.087553,20.820079,1.349644,0
2021-07-30,sz.002588,5.5300,5.6000,5.4000,5.5300,5.5600,19575474,107746345.1000,3,2.488700,1,-0.539600,19.586548,1.081685,20.707741,1.342362,0
2021-08-02,sz.002588,5.5000,5.7100,5.4300,5.6600,5.5300,18216820,102113177.5200,3,2.315900,1,2.350800,20.046991,1.107113,21.194541,1.373918,0
2021-08-03,sz.002588,5.6300,5.8500,5.5900,5.6500,5.6600,15637022,89139091.5200,3,1.988000,1,-0.176700,20.011572,1.105157,21.157095,1.371491,0
2021-08-04,sz.002588,5.6200,5.7000,5.5500,5.6400,5.6500,12662724,71225144.7900,3,1.609800,1,-0.177000,19.976154,1.103201,21.119649,1.369064,0
2021-08-05,sz.002588,5.6000,5.6000,5.4500,5.4900,5.6400,14027726,77230990.9400,3,1.783400,1,-2.659600,19.444873,1.073861,20.557956,1.332652,0
2021-08-06,sz.002588,5.4900,5.7300,5.4400,5.7200,5.4900,19235293,108164061.3500,3,2.445400,1,4.189400,20.259503,1.118850,21.419218,1.388483,0
2021-08-09,sz.002588,5.7200,5.7600,5.6100,5.7300,5.7200,13755100,78351148.0000,3,1.748700,1,0.174800,20.294922,1.120806,21.456664,1.390910,0
2021-08-10,sz.002588,5.7300,5.8300,5.6600,5.7500,5.7300,14909624,85600180.3200,3,1.895500,1,0.349000,20.365759,1.124718,21.531557,1.395765,0
2021-08-11,sz.002588,5.7000,5.9000,5.6700,5.8600,5.7500,17016353,98822694.4600,3,2.163300,1,1.913000,20.755365,1.146234,21.943465,1.422467,0
2021-08-12,sz.002588,5.8400,5.9200,5.8200,5.8800,5.8600,15297274,89931476.7400,3,1.944800,1,0.341300,20.826203,1.150146,22.018357,1.427322,0
2021-08-13,sz.002588,5.8200,6.2300,5.8200,6.1600,5.8800,41994620,256094864.2300,3,5.338800,1,4.761900,21.817927,1.204915,23.066850,1.495289,0
2021-08-16,sz.002588,6.3300,6.6300,6.1300,6.1800,6.1600,45441371,288224532.1200,3,5.777000,1,0.324700,21.888764,1.208827,23.141743,1.500144,0
2021-08-17,sz.002588,6.1700,6.1800,5.9100,5.9200,6.1800,27344896,164961419.3200,3,3.476400,1,-4.207100,20.967878,1.157970,22.168142,1.437031,0
2021-08-18,sz.002588,5.9200,6.0500,5.8900,5.9400,5.9200,17092033,101857269.3700,3,2.172900,1,0.337800,21.038715,1.161882,22.243034,1.441886,0
2021-08-19,sz.002588,5.9100,5.9200,5.7200,5.8200,5.9400,16369222,94984025.6600,3,2.081000,1,-2.020200,20.613690,1.138410,21.793680,1.412757,0
2021-08-20,sz.002588,5.8200,5.8600,5.6700,5.8400,5.8200,10514900,60925652.0000,3,1.336800,1,0.343600,20.684528,1.142322,21.868572,1.417612,0
2021-08-23,sz.002588,5.8300,6.0400,5.8200,6.0100,5.8400,16183531,96697748.0100,3,2.057400,1,2.911000,21.286646,1.175574,22.505158,1.458878,0
2021-08-24,sz.002588,6.0200,6.1200,5.9900,6.0700,6.0100,15458818,93553075.2000,3,1.965300,1,0.998300,21.499158,1.187311,22.729835,1.473443,0
2021-08-25,sz.002588,6.0300,6.2500,5.9500,6.2100,6.0700,20406934,125209727.6000,3,2.594400,1,2.306400,21.995020,1.214695,23.254081,1.507426,0
2021-08-26,sz.002588,6.2000,6.3600,6.1500,6.2700,6.2100,22072351,138675227.8900,3,2.806100,1,0.966200,22.207532,1.226431,23.478758,1.521991,0
2021-08-27,sz.002588,6.3700,6.4200,6.0700,6.3700,6.2700,29492818,185320517.6500,3,3.707000,1,1.594900,17.282623,1.162013,-15.761131,1.514608,0
2021-08-30,sz.002588,6.4900,6.9900,6.4300,6.8200,6.3700,57094241,386230516.3600,3,7.176400,1,7.064400,18.503530,1.244101,-16.874555,1.621605,0
2021-08-31,sz.002588,6.7800,7.0200,6.6600,6.9800,6.8200,43819855,303056174.7800,3,5.507900,1,2.346000,18.937631,1.273288,-17.270439,1.659649,0
2021-09-01,sz.002588,6.9600,7.0800,6.5000,6.6200,6.9800,49204179,331035324.6800,3,6.184600,1,-5.157600,17.960905,1.207617,-16.379700,1.574051,0
2021-09-02,sz.002588,6.5500,6.9400,6.5100,6.8200,6.6200,30125921,204052343.1200,3,3.786600,1,3.021100,18.503530,1.244101,-16.874555,1.621605,0
2021-09-03,sz.002588,6.7900,7.3300,6.7600,6.9300,6.8200,42490844,299107757.4400,3,5.340800,1,1.612900,18.801975,1.264167,-17.146725,1.647760,0
2021-09-06,sz.002588,6.9300,6.9600,6.6500,6.8700,6.9300,24527726,167004514.1000,3,3.083000,1,-0.865800,18.639187,1.253222,-16.998268,1.633494,0
2021-09-07,sz.002588,6.9200,7.1700,6.8100,7.1200,6.8700,28828413,202849725.0800,3,3.623500,1,3.639000,19.317469,1.298827,-17.616837,1.692937,0
2021-09-08,sz.002588,7.1000,7.2200,6.9800,7.1200,7.1200,29780793,212010792.4700,3,3.743200,1,0.000000,19.317469,1.298827,-17.616837,1.692937,0
2021-09-09,sz.002588,7.1900,7.1900,7.0000,7.1100,7.1200,32070548,227422106.5800,3,4.031100,1,-0.140400,19.290338,1.297003,-17.592094,1.690559,0
2021-09-10,sz.002588,7.0500,7.3200,6.9200,7.0000,7.1100,46103503,326408619.0200,3,5.794900,1,-1.547100,18.991893,1.276937,-17.319924,1.664404,0
2021-09-13,sz.002588,6.9800,7.4800,6.9600,7.4000,7.0000,56836479,412653805.9500,3,7.144000,1,5.714300,20.077145,1.349905,-18.309634,1.759513,0
2021-09-14,sz.002588,7.3300,7.4400,7.1400,7.1700,7.4000,43815083,318130485.8400,3,5.507300,1,-3.108100,19.453125,1.307948,-17.740551,1.704826,0
2021-09-15,sz.002588,7.1600,7.5700,7.1100,7.5300,7.1700,60752199,451793380.8700,3,7.636100,1,5.020900,20.429851,1.373619,-18.631290,1.790424,0
2021-09-16,sz.002588,7.6800,7.7800,7.2900,7.3500,7.5300,55228108,412649384.8700,3,6.941800,1,-2.390400,19.941488,1.340784,-18.185920,1.747625,0
2021-09-17,sz.002588,7.3000,7.8900,7.1600,7.4500,7.3500,61487796,461995353.0900,3,7.728600,1,1.360500,20.212801,1.359026,-18.433348,1.771402,0
2021-09-22,sz.002588,7.3500,7.7500,7.3200,7.6400,7.4500,54071556,408817822.0400,3,6.796400,1,2.550300,20.728295,1.393685,-18.903460,1.816579,0
2021-09-23,sz.002588,7.6600,7.7100,7.0300,7.2800,7.6400,64777260,474477226.7900,3,8.142100,1,-4.712000,19.751569,1.328014,-18.012721,1.730981,0
2021-09-24,sz.002588,7.1700,7.2300,6.5500,6.5800,7.2800,56541299,383973373.5300,3,7.106900,1,-9.615400,17.852380,1.200321,-16.280729,1.564540,0
2021-09-27,sz.002588,6.5800,6.7000,6.2200,6.2900,6.5800,35781347,228667590.3200,3,4.497500,1,-4.407300,17.065573,1.147419,-15.563189,1.495586,0
2021-09-28,sz.002588,6.2200,6.3500,6.1200,6.2400,6.2900,24773731,154245958.5300,3,3.113900,1,-0.794900,16.929916,1.138298,-15.439475,1.483698,0
2021-09-29,sz.002588,6.2000,6.2200,5.8500,5.9100,6.2400,32319465,194311194.2600,3,4.062300,1,-5.288500,16.034584,1.078100,-14.622964,1.405233,0
2021-09-30,sz.002588,5.9400,6.0400,5.8900,5.9700,5.9100,22224278,132839187.5800,3,2.793400,1,1.015200,16.197372,1.089045,-14.771421,1.419499,0
2021-10-08,sz.002588,6.0700,6.2000,5.9600,6.0800,5.9700,24166210,145707246.0500,3,3.037500,1,1.842500,16.495816,1.109111,-15.043591,1.445654,0
2021-10-11,sz.002588,6.0700,6.0800,5.8700,6.0100,6.0800,20972084,125429445.8000,3,2.636100,1,-1.151300,16.305897,1.096342,-14.870392,1.429010,0
2021-10-12,sz.002588,5.9800,6.0600,5.7700,5.8600,6.0100,24118300,141692844.4800,3,3.031500,1,-2.495800,15.898928,1.068979,-14.499251,1.393344,0
2021-10-13,sz.002588,5.8700,5.9000,5.7300,5.8600,5.8600,15005634,87100906.8600,3,1.886100,1,0.000000,15.898928,1.068979,-14.499251,1.393344,0
2021-10-14,sz.002588,5.6900,5.8700,5.5900,5.8000,5.8600,24793726,142353760.6600,3,3.116400,1,-1.023900,15.736140,1.058033,-14.350794,1.379078,0
2021-10-15,sz.002588,5.7800,5.8000,5.6600,5.7300,5.8000,14427802,82713458.0100,3,1.813500,1,-1.206900,15.546221,1.045264,-14.177595,1.362434,0
2021-10-18,sz.002588,5.7500,5.9200,5.7200,5.9200,5.7300,21211655,123574309.1800,3,2.666200,1,3.315900,16.061716,1.079924,-14.647707,1.407611,0
2021-10-19,sz.002588,5.8800,6.0000,5.8000,5.9600,5.9200,21334921,126350769.4400,3,2.681700,1,0.675700,16.170241,1.087221,-14.746678,1.417122,0
2021-10-20,sz.002588,5.8900,5.9100,5.7900,5.8700,5.9600,17442351,102049582.2900,3,2.192400,1,-1.510100,15.926059,1.070803,-14.523993,1.395722,0
2021-10-21,sz.002588,5.8600,6.0600,5.8400,5.9700,5.8700,25865300,155054836.3200,3,3.251100,1,1.703600,16.197372,1.089045,-14.771421,1.419499,0
2021-10-22,sz.002588,6.0100,6.3700,5.9200,6.0800,5.9700,48820033,301145116.4100,3,6.136400,1,1.842500,16.495816,1.109111,-15.043591,1.445654,0
2021-10-25,sz.002588,6.0200,6.1600,5.9900,6.1100,6.0800,30863864,187712026.7600,3,3.879400,1,0.493400,16.577210,1.114583,-15.117819,1.452787,0
2021-10-26,sz.002588,6.0500,6.1700,5.9400,6.0300,6.1100,28894029,173878883.7700,3,3.631800,1,-1.309300,16.185067,1.105619,-5.839355,1.414754,0
2021-10-27,sz.002588,5.9700,6.0000,5.8200,5.8800,6.0300,23838604,140893193.0100,3,2.996400,1,-2.487600,15.782453,1.078116,-5.694098,1.379561,0
2021-10-28,sz.002588,5.8500,5.9000,5.5300,5.5400,5.8800,31357454,177904549.2300,3,3.941400,1,-5.782300,14.869863,1.015776,-5.364847,1.299791,0
2021-10-29,sz.002588,5.5600,5.6200,5.4000,5.4300,5.5400,23120056,126731988.1100,3,2.906000,1,-1.985600,14.574613,0.995607,-5.258325,1.273982,0
2021-11-01,sz.002588,5.4100,5.6500,5.3500,5.5900,5.4300,20756174,115078517.4600,3,2.608900,1,2.946600,15.004067,1.024944,-5.413266,1.311522,0
2021-11-02,sz.002588,5.6100,5.6200,5.2400,5.2900,5.5900,29382086,158279087.0200,3,3.693100,1,-5.366700,14.198840,0.969938,-5.122751,1.241136,0
2021-11-03,sz.002588,5.2800,5.3400,5.1700,5.2600,5.2900,18308727,95731249.6900,3,2.301300,1,-0.567100,14.118317,0.964437,-5.093700,1.234097,0
2021-11-04,sz.002588,5.2900,5.3700,5.2700,5.3500,5.2600,17626808,93802074.4900,3,2.215600,1,1.711000,14.359885,0.980939,-5.180854,1.255213,0
2021-11-05,sz.002588,5.3300,5.3300,5.1800,5.1900,5.3500,21591240,112944678.1200,3,2.713900,1,-2.990700,13.930431,0.951603,-5.025913,1.217674,0
2021-11-08,sz.002588,5.2100,5.2300,5.1400,5.1800,5.1900,15232540,79101025.5600,3,1.914600,1,-0.192700,13.903590,0.949769,-5.016229,1.215328,0
2021-11-09,sz.002588,5.2000,5.2600,5.2000,5.2600,5.1800,15475974,81000625.2200,3,1.945200,1,1.544400,14.118317,0.964437,-5.093700,1.234097,0
2021-11-10,sz.002588,5.2500,5.2500,5.1400,5.2400,5.2600,16400714,85123178.0000,3,2.061500,1,-0.380200,14.064635,0.960770,-5.074332,1.229405,0
2021-11-11,sz.002588,5.2300,5.3200,5.1800,5.2900,5.2400,19615083,103434169.7100,3,2.465500,1,0.954200,14.198840,0.969938,-5.122751,1.241136,0
2021-11-12,sz.002588,5.2900,5.3200,5.2500,5.2900,5.2900,16950889,89458590.1100,3,2.130600,1,0.000000,14.198840,0.969938,-5.122751,1.241136,0
2021-11-15,sz.002588,5.3100,5.3400,5.2300,5.3300,5.2900,18024101,95450277.4400,3,2.265500,1,0.756100,14.306203,0.977272,-5.161486,1.250521,0
2021-11-16,sz.002588,5.3500,5.3500,5.2200,5.2200,5.3300,18710941,98753248.6600,3,2.351800,1,-2.063800,14.010953,0.957103,-5.054964,1.224712,0
2021-11-17,sz.002588,5.2000,5.3700,5.2000,5.3600,5.2200,20442302,108435294.4000,3,2.569500,1,2.682000,14.386726,0.982773,-5.190538,1.257559,0
2021-11-18,sz.002588,5.3900,5.5000,5.3300,5.4100,5.3600,27233595,147624548.3800,3,3.423100,1,0.932800,14.520931,0.991940,-5.238957,1.269290,0
2021-11-19,sz.002588,5.4000,5.4600,5.3300,5.4300,5.4100,15427327,83297993.8000,3,1.939100,1,0.369700,14.574613,0.995607,-5.258325,1.273982,0
2021-11-22,sz.002588,5.4400,5.4500,5.3600,5.4100,5.4300,14105914,76156705.3900,3,1.773000,1,-0.368300,14.520931,0.991940,-5.238957,1.269290,0
2021-11-23,sz.002588,5.4100,5.4800,5.3800,5.4400,5.4100,16348892,88853673.0300,3,2.054900,1,0.554500,14.601453,0.997441,-5.268009,1.276329,0
2021-11-24,sz.002588,5.4400,5.4600,5.3600,5.4000,5.4400,11983685,64634665.3000,3,1.506300,1,-0.735300,14.494090,0.990107,-5.229273,1.266944,0
2021-11-25,sz.002588,5.4100,5.4100,5.3300,5.3500,5.4000,12978036,69560060.2400,3,1.631300,1,-0.925900,14.359885,0.980939,-5.180854,1.255213,0
2021-11-26,sz.002588,5.3400,5.4400,5.3300,5.4000,5.3500,17073528,92143945.8900,3,2.146000,1,0.934600,14.494090,0.990107,-5.229273,1.266944,0
2021-11-29,sz.002588,5.3100,5.3500,5.2500,5.3200,5.4000,12650596,67080676.7600,3,1.590100,1,-1.481500,14.279363,0.975439,-5.151803,1.248174,0
2021-11-30,sz.002588,5.3200,5.4900,5.3200,5.4600,5.3200,23783621,129375140.6800,3,2.989400,1,2.631600,14.655135,1.001108,-5.287376,1.281021,0
2021-12-01,sz.002588,5.4600,5.5500,5.4100,5.5500,5.4600,22409018,123115475.1600,3,2.816700,1,1.648400,14.896703,1.017610,-5.374531,1.302137,0
2021-12-02,sz.002588,5.5800,5.5900,5.4800,5.5000,5.5500,20446420,113093697.6000,3,2.570000,1,-0.900900,14.762499,1.008442,-5.326112,1.290406,0
2021-12-03,sz.002588,5.5000,5.5400,5.4500,5.5200,5.5000,12763900,70210455.2800,3,1.604300,1,0.363600,14.816181,1.012109,-5.345479,1.295098,0
2021-12-06,sz.002588,5.5300,5.6400,5.4600,5.4800,5.5200,17919900,99459257.0000,3,2.252400,1,-0.724600,14.708817,1.004775,-5.306744,1.285713,0
2021-12-07,sz.002588,5.5200,5.5500,5.3800,5.4500,5.4800,14540592,79319123.1400,3,1.827700,1,-0.547400,14.628294,0.999274,-5.277693,1.278675,0
2021-12-08,sz.002588,5.4900,5.4900,5.4300,5.4800,5.4500,9492000,51922580.6100,3,1.193100,1,0.550500,14.708817,1.004775,-5.306744,1.285713,0
2021-12-09,sz.002588,5.4700,5.5400,5.4700,5.5300,5.4800,13403969,73831000.0100,3,1.684800,1,0.912400,14.843022,1.013943,-5.355163,1.297444,0
2021-12-10,sz.002588,5.5200,5.6000,5.4900,5.5900,5.5300,14879346,82846988.7600,3,1.870200,1,1.085000,15.004067,1.024944,-5.413266,1.311522,0
2021-12-13,sz.002588,5.6000,5.6300,5.5600,5.5900,5.5900,13829329,77408086.8200,3,1.738300,1,0.000000,15.004067,1.024944,-5.413266,1.311522,0
2021-12-14,sz.002588,5.5700,5.5900,5.5100,5.5400,5.5900,14205868,78676329.9100,3,1.785600,1,-0.894500,14.869863,1.015776,-5.364847,1.299791,0
2021-12-15,sz.002588,5.5500,5.6200,5.5200,5.6100,5.5400,14415118,80354973.3900,3,1.811900,1,1.263500,15.057749,1.028611,-5.432634,1.316214,0
2021-12-16,sz.002588,5.6200,5.7400,5.5800,5.7100,5.6100,21128800,119923064.0000,3,2.655700,1,1.782500,15.326158,1.046946,-5.529472,1.339676,0
2021-12-17,sz.002588,5.9100,5.9800,5.7200,5.7300,5.7100,36131034,210531832.0800,3,4.541400,1,0.350300,15.379840,1.050613,-5.548840,1.344368,0
2021-12-20,sz.002588,5.7300,5.7800,5.6000,5.6300,5.7300,20863889,118204322.3900,3,2.622500,1,-1.745200,15.111431,1.032278,-5.452002,1.320906,0
2021-12-21,sz.002588,5.6100,5.7700,5.5900,5.7500,5.6300,15995000,91039621.4600,3,2.010500,1,2.131400,15.433522,1.054280,-5.568208,1.349061,0
2021-12-22,sz.002588,5.7800,6.0300,5.7300,6.0000,5.7500,41106840,243236744.0200,3,5.166900,1,4.347800,16.104544,1.100119,-5.810304,1.407715,0
2021-12-23,sz.002588,5.9800,6.1400,5.8900,5.9300,6.0000,36352533,217808103.1300,3,4.569300,1,-1.166700,15.916658,1.087284,-5.742517,1.391292,0
2021-12-24,sz.002588,5.9400,6.0400,5.8300,5.9700,5.9300,29617812,175664132.8600,3,3.722800,1,0.674500,16.024022,1.094618,-5.781252,1.400677,0
2021-12-27,sz.002588,6.0000,6.1000,5.9700,6.0800,5.9700,24088072,145362817.2500,3,3.027700,1,1.842500,16.319271,1.114787,-5.887774,1.426485,0
2021-12-28,sz.002588,6.0200,6.1800,6.0100,6.0600,6.0800,22410056,136480966.5600,3,2.816800,1,-0.328900,16.265590,1.111120,-5.868407,1.421793,0
2021-12-29,sz.002588,6.0800,6.0900,5.9100,6.0000,6.0600,20722745,124271964.2300,3,2.604700,1,-0.990100,16.104544,1.100119,-5.810304,1.407715,0
2021-12-30,sz.002588,5.9900,6.0400,5.9300,5.9800,6.0000,15313766,91685160.6700,3,1.924800,1,-0.333300,16.050862,1.096452,-5.790936,1.403023,0
2021-12-31,sz.002588,5.9800,6.0000,5.9400,5.9500,5.9800,13289752,79213470.9200,3,1.670400,1,-0.501700,15.970340,1.090951,-5.761884,1.395984,0
2022-01-04,sz.002588,5.9100,6.0900,5.9100,6.0900,5.9500,22940196,138018457.2300,3,2.883400,1,2.352900,16.346112,1.116620,-5.897458,1.428831,0
2022-01-05,sz.002588,6.0600,6.1300,5.9500,6.0200,6.0900,19141593,115296740.3700,3,2.406000,1,-1.149400,16.158226,1.103786,-5.829671,1.412408,0
2022-01-06,sz.002588,5.9800,6.0500,5.9600,5.9900,6.0200,12552792,75393474.4100,3,1.577800,1,-0.498300,16.077703,1.098285,-5.800620,1.405369,0
2022-01-07,sz.002588,5.9900,5.9900,5.7900,5.8000,5.9900,23388591,137597776.2000,3,2.939800,1,-3.172000,15.567726,1.063448,-5.616627,1.360792,0
2022-01-10,sz.002588,5.7600,5.8900,5.7500,5.8500,5.8000,10027333,58554398.1200,3,1.260400,1,0.862100,15.701931,1.072616,-5.665046,1.372523,0
2022-01-11,sz.002588,5.8400,6.0900,5.8300,6.0100,5.8500,28734410,172875609.5200,3,3.611700,1,2.735000,16.131385,1.101952,-5.819988,1.410062,0
2022-01-12,sz.002588,6.0100,6.1200,5.9600,6.0700,6.0100,22072994,133645260.8900,3,2.774400,1,0.998300,16.292431,1.112953,-5.878091,1.424139,0
2022-01-13,sz.002588,6.0700,6.1300,5.9900,6.0200,6.0700,14631486,88584216.5300,3,1.839100,1,-0.823700,16.158226,1.103786,-5.829671,1.412408,0
2022-01-14,sz.002588,6.0000,6.0400,5.8700,5.8900,6.0200,16267993,96743445.3700,3,2.044800,1,-2.159500,15.809294,1.079950,-5.703781,1.381907,0
2022-01-17,sz.002588,5.9300,5.9500,5.8500,5.9400,5.8900,13771016,81268192.5600,3,1.730900,1,0.848900,15.943499,1.089117,-5.752201,1.393638,0
2022-01-18,sz.002588,5.9200,6.0400,5.7600,5.8200,5.9400,16297357,96102362.4600,3,2.048500,1,-2.020200,15.621408,1.067115,-5.635995,1.365484,0
2022-01-19,sz.002588,5.7800,6.1000,5.7500,6.0000,5.8200,31297402,187761012.5000,3,3.933900,1,3.092800,16.104544,1.100119,-5.810304,1.407715,0
2022-01-20,sz.002588,5.9600,6.0300,5.8200,5.8300,6.0000,20220881,119180036.9600,3,2.541600,1,-2.833300,15.648249,1.068949,-5.645678,1.367830,0
2022-01-21,sz.002588,5.8500,5.8700,5.6700,5.7100,5.8300,15306383,87773459.1700,3,1.923900,1,-2.058300,15.326158,1.046946,-5.529472,1.339676,0
2022-01-24,sz.002588,5.6800,5.7100,5.5600,5.6700,5.7100,10641445,59977264.8000,3,1.337600,1,-0.700500,15.218794,1.039612,-5.490737,1.330291,0
2022-01-25,sz.002588,5.6700,5.6700,5.3500,5.3700,5.6700,15015200,82261155.0000,3,1.887300,1,-5.291000,14.413567,0.984606,-5.200222,1.259905,0
2022-01-26,sz.002588,5.3700,5.4700,5.3700,5.4600,5.3700,7057800,38341946.0000,3,0.887100,1,1.676000,14.655135,1.001108,-5.287376,1.281021,0
2022-01-27,sz.002588,5.5000,5.5300,5.3900,5.4400,5.4600,9677500,52758605.0000,3,1.216400,1,-0.366300,14.601453,0.997441,-5.268009,1.276329,0
2022-01-28,sz.002588,5.5000,5.5400,5.3800,5.5100,5.4400,9221579,50535918.7600,3,1.159100,1,1.286800,14.789340,1.010276,-5.335796,1.292752,0
2022-02-07,sz.002588,5.5800,5.7100,5.5600,5.7000,5.5100,12893099,72849256.5000,3,1.620600,1,3.448300,15.299317,1.045113,-5.519789,1.337330,0
2022-02-08,sz.002588,5.6900,5.7900,5.6600,5.7800,5.7000,10570075,60631899.2500,3,1.328600,1,1.403500,15.514044,1.059781,-5.597259,1.356099,0
2022-02-09,sz.002588,5.7900,5.8500,5.7700,5.8400,5.7800,11782623,68571238.6300,3,1.481000,1,1.038100,15.675090,1.070782,-5.655362,1.370176,0
2022-02-10,sz.002588,5.8000,5.8800,5.8000,5.8600,5.8400,10662170,62276915.5600,3,1.340200,1,0.342500,15.728772,1.074449,-5.674730,1.374869,0
2022-02-11,sz.002588,5.8500,5.9000,5.7800,5.7900,5.8600,9803993,57083802.4700,3,1.232300,1,-1.194500,15.540885,1.061615,-5.606943,1.358445,0
