date,code,open,high,low,close,preclose,volume,amount,adjustflag,turn,tradestatus,pctChg,peTTM,psTTM,pcfNcfTTM,pbMRQ,isST
2015-05-14,sz.300451,16.8200,20.1900,16.8200,20.1900,14.0200,5700,110531.0000,3,0.033529,1,44.008560,28.166969,3.367623,41.422249,3.964001,0
2015-05-15,sz.300451,22.2100,22.2100,22.2100,22.2100,20.1900,3100,68851.0000,3,0.018235,1,10.004900,30.985061,3.704552,45.566525,4.360598,0
2015-05-18,sz.300451,24.4300,24.4300,24.4300,24.4300,22.2100,501,12239.0000,3,0.002947,1,9.995500,34.082172,4.074840,50.121126,4.796461,0
2015-05-19,sz.300451,26.8700,26.8700,26.8700,26.8700,24.4300,800,21496.0000,3,0.004706,1,9.987700,37.486204,4.481824,55.127084,5.275518,0
2015-05-20,sz.300451,29.5600,29.5600,29.5600,29.5600,26.8700,500,14780.0000,3,0.002941,1,10.011200,41.239010,4.930506,60.645947,5.803659,0
2015-05-21,sz.300451,32.5200,32.5200,32.5200,32.5200,29.5600,500,16260.0000,3,0.002941,1,10.013500,45.368492,5.424224,66.718749,6.384810,0
2015-05-22,sz.300451,35.7700,35.7700,35.7700,35.7700,32.5200,600,21462.0000,3,0.003529,1,9.993800,49.902550,5.966313,73.386520,7.022899,0
2015-05-25,sz.300451,39.3500,39.3500,39.3500,39.3500,35.7700,1500,59025.0000,3,0.008824,1,10.008400,54.896991,6.563445,80.731327,7.725777,0
2015-05-26,sz.300451,43.2900,43.2900,43.2900,43.2900,39.3500,2500,108225.0000,3,0.014706,1,10.012700,60.393665,7.220623,88.814718,8.499337,0
2015-05-27,sz.300451,47.6200,47.6200,47.6200,47.6200,43.2900,375,17857.0000,3,0.002206,1,10.002300,66.434427,7.942852,97.698241,9.349467,0
2015-05-28,sz.300451,52.3800,52.3800,52.3800,52.3800,47.6200,5400,282852.0000,3,0.031765,1,9.995800,73.075079,8.736804,107.463962,10.284021,0
2015-05-29,sz.300451,57.6200,57.6200,57.6200,57.6200,52.3800,9300,535866.0000,3,0.054706,1,10.003800,80.385378,9.610818,118.214462,11.312816,0
2015-06-01,sz.300451,63.3800,63.3800,63.3800,63.3800,57.6200,2343,148499.0000,3,0.013782,1,9.996500,88.421125,10.571566,130.031805,12.443705,0
2015-06-02,sz.300451,69.7200,69.7200,69.7200,69.7200,63.3800,7427,517810.0000,3,0.043688,1,10.003200,97.266028,11.629056,143.039088,13.688468,0
2015-06-03,sz.300451,76.6900,76.6900,76.6900,76.6900,69.7200,9200,705548.0000,3,0.054118,1,9.997100,106.989841,12.791628,157.338894,15.056922,0
2015-06-04,sz.300451,84.3600,84.3600,84.3600,84.3600,76.6900,17000,1434120.0000,3,0.100000,1,10.001300,117.690220,14.070958,173.074835,16.562810,0
2015-06-05,sz.300451,92.8000,92.8000,92.8000,92.8000,84.3600,14100,1308480.0000,3,0.082941,1,10.004700,129.464822,15.478721,190.390525,18.219877,0
2015-06-08,sz.300451,102.0800,102.0800,102.0800,102.0800,92.8000,31700,3235936.0000,3,0.186471,1,10.000000,142.411304,17.026593,209.429578,20.041864,0
2015-06-09,sz.300451,112.2900,112.2900,112.2900,112.2900,102.0800,65200,7321308.0000,3,0.383529,1,10.002000,156.655225,18.729586,230.376639,22.046443,0
2015-06-10,sz.300451,123.5200,123.5200,123.5200,123.5200,112.2900,43950,5428704.0000,3,0.258529,1,10.000900,172.322142,20.602711,253.416354,24.251284,0
2015-06-11,sz.300451,135.8700,135.8700,135.8700,135.8700,123.5200,21500,2921205.0000,3,0.126471,1,9.998400,189.551566,22.662648,278.753886,26.676020,0
2015-06-12,sz.300451,149.4600,149.4600,149.4600,149.4600,135.8700,20700,3093822.0000,3,0.121765,1,10.002200,208.510908,24.929414,306.635430,29.344211,0
2015-06-15,sz.300451,164.4100,164.4100,164.4100,164.4100,149.4600,99750,16399897.0000,3,0.586765,1,10.002700,229.367580,27.423022,337.307179,32.279417,0
2015-06-16,sz.300451,180.8500,180.8500,180.8500,180.8500,164.4100,566174,102392567.0000,3,3.330435,1,9.999400,252.302942,30.165158,371.035845,35.507163,0
2015-06-17,sz.300451,198.9400,198.9400,198.9400,198.9400,180.8500,712135,141672136.0000,3,4.189029,1,10.002800,277.540212,33.182507,408.149688,39.058861,0
2015-06-18,sz.300451,218.8300,218.8300,218.8300,218.8300,198.9400,530682,116129142.0000,3,3.121659,1,9.998000,305.288653,36.500091,448.956450,42.963961,0
2015-06-19,sz.300451,196.9500,240.7100,196.9500,240.7100,218.8300,12724962,2775076720.0000,3,74.852718,1,9.998600,335.813333,40.149600,493.845941,47.259768,0
2015-06-23,sz.300451,229.0000,264.7800,229.0000,264.7800,240.7100,5118794,1276219856.0000,3,30.110553,1,9.999600,369.393271,44.164393,543.228483,51.985549,0
2015-06-24,sz.300451,262.0000,268.8800,240.1500,248.5000,264.7800,3377554,857570992.0000,3,19.867965,1,-6.148500,346.681124,41.448945,509.828076,48.789217,0
2015-06-25,sz.300451,236.7800,261.0000,223.6500,223.6500,248.5000,2451486,596936256.0000,3,14.420506,1,-10.000000,312.013011,37.304050,458.845269,43.910295,0
2015-06-26,sz.300451,212.0000,219.0000,201.2900,201.2900,223.6500,2142171,443269184.0000,3,12.601006,1,-9.997800,280.818686,33.574479,412.971000,39.520248,0
2015-06-29,sz.300451,187.0000,193.0000,181.1600,181.1600,201.2900,2667098,486397760.0000,3,15.688812,1,-10.000500,252.735422,30.216865,371.671848,35.568026,0
2015-06-30,sz.300451,168.0000,192.6000,163.0400,189.9800,181.1600,2913472,512532080.0000,3,17.138071,1,4.868600,265.040160,31.688010,389.767155,37.299700,0
2015-07-01,sz.300451,181.0000,204.8000,175.0000,186.0000,189.9800,3025499,576723008.0000,3,17.797053,1,-2.095000,259.487682,31.024160,381.601699,36.518287,0
2015-07-02,sz.300451,177.0000,184.0000,167.4000,167.4000,186.0000,1897016,326490960.0000,3,11.158918,1,-10.000000,233.538914,27.921744,343.441529,32.866459,0
2015-07-03,sz.300451,153.0000,179.1200,150.6600,151.0600,167.4000,2789320,451013296.0000,3,16.407765,1,-9.761000,210.743060,25.196288,309.918025,29.658347,0
2015-07-06,sz.300451,166.1700,166.1700,135.9500,135.9500,151.0600,1390369,206274718.0000,3,8.178641,1,-10.002600,189.663174,22.675992,278.918016,26.691727,0
2015-07-07,sz.300451,123.3300,126.0100,122.3600,122.3600,135.9500,191000,23428094.0000,3,1.123529,1,-9.996300,170.703832,20.409227,251.036473,24.023536,0
2015-07-08,sz.300451,110.1200,110.3500,110.1200,110.1200,122.3600,4692000,516683280.0000,3,27.600000,1,-10.003300,153.627869,18.367637,225.924619,21.620397,0
2015-07-09,sz.300451,108.1800,121.1300,108.1800,121.1300,110.1200,971438,115744789.0000,3,5.714341,1,9.998200,168.987865,20.204067,248.512977,23.782044,0
2015-07-10,sz.300451,133.2400,133.2400,133.2400,133.2400,121.1300,181799,24222898.0000,3,1.069406,1,9.997500,185.882466,22.223973,273.358120,26.159659,0
2015-07-13,sz.300451,146.5600,146.5600,141.0100,146.5600,133.2400,519316,75899671.0000,3,3.054800,1,9.997000,204.465133,24.445704,300.685726,28.774840,0
2015-07-14,sz.300451,161.2200,161.2200,161.2200,161.2200,146.5600,98026,15803751.0000,3,0.576624,1,10.002700,224.917226,26.890941,330.762505,31.653109,0
2015-07-15,sz.300451,160.0000,174.0000,153.0000,160.0400,161.2200,2014421,327778864.0000,3,11.849535,1,-0.731900,223.271014,26.694121,328.341591,31.421434,0
2015-07-16,sz.300451,148.0000,176.0400,144.0400,154.0000,160.0400,1408466,228461166.0000,3,8.285094,1,-3.774100,214.844640,25.686670,315.949794,30.235571,0
2015-07-17,sz.300451,154.0000,169.4000,146.0200,169.4000,154.0000,963557,153891852.0000,3,5.667982,1,10.000000,236.329104,28.255337,347.544773,33.259128,0
2015-07-20,sz.300451,168.6000,186.3400,168.5000,186.3400,169.4000,1060894,191755929.0000,3,6.240553,1,10.000000,259.962014,31.080871,382.299250,36.585041,0
2015-07-21,sz.300451,182.8700,198.9800,178.8800,191.3300,186.3400,700808,135173148.0000,3,4.122400,1,2.677900,266.923539,31.913186,392.536844,37.564752,0
2015-07-22,sz.300451,189.0000,195.4400,184.0000,192.5100,191.3300,383209,72865625.0000,3,2.254171,1,0.616700,268.569751,32.110006,394.957758,37.796427,0
2015-07-23,sz.300451,188.1000,211.7600,188.1000,211.7600,192.5100,626454,128013462.0000,3,3.685024,1,9.999500,295.425331,35.320839,434.451483,41.575874,0
2015-07-24,sz.300451,217.9900,232.9400,206.2000,213.0000,211.7600,1491014,334450384.0000,3,8.770671,1,0.585600,297.155249,35.527667,436.995494,41.819329,0
2015-07-27,sz.300451,201.8000,211.0000,191.7000,191.7000,213.0000,1204587,240211074.0000,3,7.085806,1,-10.000000,267.439724,31.974900,393.295945,37.637396,0
2015-07-28,sz.300451,172.5300,199.2600,172.5300,172.5300,191.7000,1354864,240912873.0000,3,7.969788,1,-10.000000,240.695752,28.777410,353.966350,33.873656,0
2015-07-29,sz.300451,177.0000,185.7300,162.2700,184.9800,172.5300,1075610,187915680.0000,3,6.327118,1,7.216100,258.064685,30.854027,379.509045,36.318026,0
2015-07-30,sz.300451,180.0000,185.0000,167.0400,167.4000,184.9800,903105,162512068.0000,3,5.312382,1,-9.503700,233.538914,27.921744,343.441529,32.866459,0
2015-07-31,sz.300451,160.0000,167.0000,150.6600,155.7100,167.4000,639535,101278878.0000,3,3.761971,1,-6.983300,217.230253,25.971892,319.458067,30.571304,0
2015-08-03,sz.300451,152.9900,168.8000,148.0000,154.8000,155.7100,625192,98911882.0000,3,3.677600,1,-0.584400,215.960716,25.820107,317.591091,30.392639,0
2015-08-04,sz.300451,155.4900,170.2800,153.2900,170.2800,154.8000,707588,114754936.0000,3,4.162282,1,10.000000,237.556788,28.402118,349.350201,33.431903,0
2015-08-05,sz.300451,166.8000,174.0000,163.6800,166.1500,170.2800,661088,111607175.0000,3,3.888753,1,-2.425400,231.795045,27.713248,340.877002,32.621040,0
2015-08-06,sz.300451,161.0000,173.9800,158.0100,169.8000,166.1500,569139,96666485.0000,3,3.347876,1,2.196800,236.887142,28.322056,348.365422,33.337662,0
2015-08-07,sz.300451,169.8000,186.7800,165.6800,185.0000,169.8000,1109994,199414674.0000,3,6.529376,1,8.951700,258.092587,30.857363,379.550077,36.321952,0
2015-08-10,sz.300451,183.0000,198.5000,183.0000,195.3100,185.0000,623286,119924879.0000,3,3.666388,1,5.573000,272.476017,32.577036,400.702300,38.346165,0
2015-08-11,sz.300451,194.9900,197.0000,187.0000,190.0000,195.3100,539248,103583255.0000,3,3.172047,1,-2.718800,265.068062,31.691346,389.808187,37.303627,0
2015-08-12,sz.300451,185.9100,196.0000,171.0000,171.0000,190.0000,898356,161092204.0000,3,5.284447,1,-10.000000,238.561256,28.522212,350.827368,33.573264,0
2015-08-13,sz.300451,166.0000,175.8800,159.2500,174.5100,171.0000,1352899,222398225.0000,3,7.958229,1,2.052600,243.458040,29.107667,358.028562,34.262400,0
2015-08-14,sz.300451,171.0900,177.2800,168.3000,172.0500,174.5100,767497,132143313.0000,3,4.514688,1,-1.409700,240.026106,28.697348,352.981572,33.779416,0
2015-08-17,sz.300451,171.4900,171.4900,159.1100,160.9000,172.0500,534969,87017855.0000,3,3.146876,1,-6.480700,224.470796,26.837566,330.105986,31.590282,0
2015-08-18,sz.300451,160.4700,166.0000,147.8000,149.1800,160.9000,472401,75001578.0000,3,2.778829,1,-7.284000,208.120282,24.882711,306.060976,29.289237,0
2015-08-19,sz.300451,149.7500,163.6600,148.0100,162.3900,149.1800,541343,83882685.0000,3,3.184371,1,8.855100,226.549488,27.086093,333.162903,31.882821,0
2015-08-20,sz.300451,159.0000,166.1800,156.0100,157.5500,162.3900,500803,80788649.0000,3,2.945900,1,-2.980500,219.797227,26.278798,323.233052,30.932560,0
2015-08-21,sz.300451,152.2800,156.8000,147.0000,147.2300,157.5500,351703,53026772.0000,3,2.068841,1,-6.550300,205.399846,24.557457,302.060313,28.906384,0
2015-08-24,sz.300451,133.0200,139.8800,132.5100,132.5100,147.2300,136900,18273720.0000,3,0.805294,1,-9.998000,184.864047,22.102212,271.860436,26.016335,0
2015-08-25,sz.300451,119.2600,127.8500,119.2600,119.2600,132.5100,421555,50856900.0000,3,2.479735,1,-9.999200,169.995467,19.797863,37.080277,14.690328,0
2015-08-26,sz.300451,120.1800,125.5000,107.3300,107.3300,119.2600,691904,79403002.0000,3,4.070024,1,-10.003400,152.990219,17.817413,33.371005,13.220803,0
2015-08-27,sz.300451,110.0000,114.7700,96.6000,107.8900,107.3300,805952,83221001.0000,3,4.740894,1,0.521800,153.788453,17.910376,33.545120,13.289783,0
2015-08-28,sz.300451,108.0000,117.5100,102.1000,115.8100,107.8900,759959,82272824.0000,3,4.470347,1,7.340800,165.077772,19.225143,36.007604,14.265361,0
2015-08-31,sz.300451,115.8100,115.8100,104.2300,104.2300,115.8100,636761,67977347.0000,3,3.745653,1,-9.999100,148.571420,17.302795,32.407155,12.838948,0
2015-09-01,sz.300451,96.5600,99.5000,93.8100,93.8100,104.2300,337732,31938181.0000,3,1.986659,1,-9.997100,133.718554,15.573013,29.167372,11.555423,0
2015-09-02,sz.300451,84.4300,100.0000,84.4300,84.4300,93.8100,761384,67253104.0000,3,4.478729,1,-9.998900,120.348124,14.015878,26.250946,10.400004,0
2015-09-07,sz.300451,85.5000,91.7000,84.5600,86.9900,84.4300,636705,55916121.0000,3,3.745324,1,3.032100,123.997197,14.440853,27.046900,10.715342,0
2015-09-08,sz.300451,86.0000,93.9800,83.0000,93.8500,86.9900,708844,63417224.0000,3,4.169671,1,7.886000,133.775571,15.579653,29.179809,11.560350,0
2015-09-09,sz.300451,94.0000,102.2000,93.0100,99.4400,93.8500,820340,80480397.0000,3,4.825529,1,5.956300,141.743663,16.507626,30.917849,12.248921,0
2015-09-10,sz.300451,96.0000,97.6800,93.0000,94.0000,99.4400,583786,55436841.0000,3,3.434035,1,-5.470600,133.989384,15.604554,29.226447,11.578827,0
2015-09-11,sz.300451,93.8800,98.4800,93.0100,94.9000,94.0000,488859,46733494.0000,3,2.875641,1,0.957400,135.272261,15.753960,29.506274,11.689688,0
2015-09-14,sz.300451,95.1400,96.8000,85.4100,85.4100,94.9000,440104,39390176.0000,3,2.588847,1,-10.000000,121.745035,14.178564,26.555647,10.520719,0
2015-09-15,sz.300451,80.1500,83.0000,76.8700,76.8700,85.4100,539544,42464636.0000,3,3.173788,1,-9.998800,109.571957,12.760873,23.900393,9.468770,0
2015-09-16,sz.300451,78.0000,84.5600,76.8600,84.5600,76.8700,685783,55110698.0000,3,4.034018,1,10.003900,120.533429,14.037459,26.291365,10.416017,0
2015-09-17,sz.300451,83.1000,91.2700,82.6200,84.6600,84.5600,775178,67580174.0000,3,4.559871,1,0.118300,120.675971,14.054059,26.322457,10.428335,0
2015-09-18,sz.300451,85.5200,89.5000,84.1100,88.8800,84.6600,549306,47899078.0000,3,3.231212,1,4.984600,126.691239,14.754604,27.634538,10.948150,0
2015-09-21,sz.300451,87.0000,97.7700,85.0100,97.7700,88.8800,546244,50752507.0000,3,3.213200,1,10.002200,139.363213,16.230397,30.398614,12.043212,0
2015-09-22,sz.300451,104.0000,107.5500,101.0000,107.5500,97.7700,1256787,134677645.0000,3,7.392865,1,10.003100,153.303811,17.853934,33.439408,13.247902,0
2015-09-23,sz.300451,106.0000,113.0000,104.5400,109.4000,107.5500,1459735,157785183.0000,3,8.586676,1,1.720100,155.940836,18.161045,34.014609,13.475783,0
2015-09-24,sz.300451,107.0000,115.8900,100.0000,104.0000,109.4000,1090293,119249870.0000,3,6.413488,1,-4.936000,148.243574,17.264613,32.335643,12.810617,0
2015-09-25,sz.300451,106.0000,108.0000,97.0000,99.2500,104.0000,974861,99189360.0000,3,5.734476,1,-4.567300,141.472833,16.476085,30.858775,12.225517,0
2015-09-28,sz.300451,99.3100,109.1800,99.0000,109.1800,99.2500,895539,93851488.0000,3,5.267876,1,10.005000,155.627244,18.124524,33.946207,13.448684,0
2015-09-29,sz.300451,104.9900,112.0000,104.9900,109.9000,109.1800,990631,107798308.0000,3,5.827241,1,0.659500,156.653546,18.244048,34.170069,13.537373,0
2015-09-30,sz.300451,109.3000,111.4800,104.0500,106.9100,109.9000,534200,57430914.0000,3,3.142353,1,-2.720700,152.391543,17.747690,33.240419,13.169068,0
2015-10-08,sz.300451,112.0000,116.3000,110.0000,112.8800,106.9100,750351,85252153.0000,3,4.413829,1,5.584100,160.901294,18.738746,35.096609,13.904446,0
2015-10-09,sz.300451,112.9700,124.1700,111.4400,124.1700,112.8800,952217,113077288.0000,3,5.601276,1,10.001800,176.994274,20.612952,38.606892,15.295137,0
2015-10-12,sz.300451,127.0000,136.5900,123.6000,136.5400,124.1700,1332217,176053603.0000,3,7.836571,1,9.962100,194.626707,22.666445,42.452968,16.818862,0
2015-10-13,sz.300451,135.0000,149.6600,132.6000,146.4100,136.5400,1605446,230482043.0000,3,9.443800,1,7.228700,208.695592,24.304923,45.521745,18.034639,0
2015-10-14,sz.300451,145.0000,160.5500,145.0000,155.7800,146.4100,973430,149814868.0000,3,5.726059,1,6.399800,222.051768,25.860399,48.435062,19.188826,0
2015-10-15,sz.300451,153.0000,159.8500,152.2000,155.9700,155.7800,1102917,171428707.0000,3,6.487747,1,0.122000,222.322598,25.891940,48.494137,19.212230,0
2015-10-16,sz.300451,155.0000,159.0900,153.0200,156.0000,155.9700,944325,147164666.0000,3,5.554853,1,0.019200,222.365360,25.896920,48.503464,19.215925,0
2015-10-19,sz.300451,158.0100,171.6000,151.3000,171.6000,156.0000,1391861,222705009.0000,3,8.187418,1,10.000000,244.601896,28.486612,53.353811,21.137518,0
2015-10-20,sz.300451,172.0000,178.8800,166.0000,171.1900,171.6000,1214591,209011311.0000,3,7.144653,1,-0.238900,244.017475,28.418550,53.226334,21.087014,0
2015-10-21,sz.300451,168.5000,171.9000,154.0700,156.4600,171.1900,1306090,211539786.0000,3,7.682882,1,-8.604500,223.021053,25.973283,48.646488,19.272588,0
2015-10-22,sz.300451,156.0000,169.5000,156.0000,163.3100,156.4600,1396118,228121400.0000,3,8.212459,1,4.378100,220.410262,26.655453,63.473501,19.695185,0
2015-10-23,sz.300451,163.5000,175.0000,162.0000,164.1600,163.3100,1523225,255790861.0000,3,8.960147,1,0.520500,221.557459,26.794190,63.803870,19.797695,0
2015-10-26,sz.300451,163.9900,164.1600,150.5500,157.0000,164.1600,1643198,255077234.0000,3,9.665871,1,-4.361600,211.894012,25.625535,61.021001,18.934199,0
2015-10-27,sz.300451,154.4400,172.7000,150.6600,172.7000,157.0000,1543608,250485615.0000,3,9.080047,1,10.000000,233.083414,28.188088,67.123101,20.827619,0
2015-10-28,sz.300451,173.0100,174.0000,157.9000,161.3000,172.7000,1342689,222694375.0000,3,7.898171,1,-6.601000,217.697479,26.327381,62.692277,19.452779,0
2015-10-29,sz.300451,162.5100,168.7000,161.0000,163.4000,161.3000,921822,151816062.0000,3,5.422482,1,1.301900,220.531730,26.670143,63.508482,19.706039,0
2015-10-30,sz.300451,162.8800,179.7400,160.0000,179.7400,163.4000,1524213,265940589.0000,3,8.965959,1,10.000000,242.584903,29.337157,69.859330,21.676643,0
2015-11-02,sz.300451,175.1100,197.7100,174.5600,187.0000,179.7400,2196775,410791056.0000,3,12.922206,1,4.039200,252.383314,30.522134,72.681065,22.552198,0
2015-11-03,sz.300451,184.5000,193.2800,179.0400,184.6100,187.0000,1029721,191157264.0000,3,6.057182,1,-1.278100,249.157666,30.132038,71.752147,22.263964,0
2015-11-04,sz.300451,186.0000,197.2300,174.0000,194.2000,184.6100,1253158,240155643.0000,3,7.371518,1,5.194700,262.100746,31.697318,75.479481,23.420518,0
2015-11-05,sz.300451,191.0000,198.0000,185.0000,189.6000,194.2000,1471360,282708304.0000,3,8.655059,1,-2.368700,255.892387,30.946506,73.691604,22.865758,0
2015-11-06,sz.300451,188.0000,198.0000,187.2800,196.0800,189.6000,1311464,254462355.0000,3,7.714494,1,3.417700,264.638076,32.004171,76.210178,23.647246,0
2015-11-09,sz.300451,193.5000,215.5800,192.9200,206.8800,196.0800,1695502,349456368.0000,3,9.973541,1,5.508000,279.214225,33.766947,80.407801,24.949726,0
2015-11-10,sz.300451,204.0000,214.9900,200.0000,207.8900,206.8800,1335736,276707536.0000,3,7.857271,1,0.488200,280.577365,33.931799,80.800356,25.071532,0
2015-11-11,sz.300451,207.0100,228.6800,202.0000,228.6800,207.8900,1621498,353808480.0000,3,9.538224,1,10.000500,308.636451,37.325142,88.880781,27.578806,0
2015-11-12,sz.300451,228.0000,245.9000,222.0000,244.0000,228.6800,1591581,367313568.0000,3,9.362241,1,6.699300,329.312987,39.825672,94.835187,29.426398,0
2015-11-13,sz.300451,237.0000,239.9000,219.6000,219.6000,244.0000,1278619,288142784.0000,3,7.521288,1,-10.000000,296.381689,35.843105,85.351668,26.483758,0
2015-11-16,sz.300451,199.0000,218.0000,197.9000,211.6800,219.6000,1252000,260535645.0000,3,7.364706,1,-3.606600,285.692513,34.550403,82.273411,25.528606,0
2015-11-17,sz.300451,214.0000,220.0000,197.1100,200.9900,211.6800,1603305,335743728.0000,3,9.431206,1,-5.050100,271.264825,32.805581,78.118542,24.239392,0
2015-11-18,sz.300451,200.9900,203.4800,185.1000,186.1000,200.9900,1628679,310288832.0000,3,9.580465,1,-7.408300,251.168635,30.375236,72.331263,22.443658,0
2015-11-19,sz.300451,189.0000,204.7100,187.5100,204.7100,186.1000,1621135,317575008.0000,3,9.536088,1,10.000000,276.285499,33.412760,79.564390,24.688024,0
2015-11-20,sz.300451,207.5200,211.4200,197.0000,203.0000,204.7100,1763297,360900096.0000,3,10.372335,1,-0.835300,273.977608,33.133654,78.899766,24.481798,0
2015-11-23,sz.300451,203.4800,203.4800,190.2000,192.9900,203.0000,1138258,222938004.0000,3,6.695635,1,-4.931000,260.467678,31.499822,75.009191,23.274592,0
2015-11-24,sz.300451,190.1900,212.2900,190.1000,212.2900,192.9900,1943170,402622560.0000,3,11.430412,1,10.000500,286.515795,34.649967,82.510499,25.602172,0
2015-11-25,sz.300451,214.0000,219.5000,208.0000,214.0300,212.2900,1816768,390295600.0000,3,10.686871,1,0.819600,288.864175,34.933970,83.186783,25.812016,0
2015-11-26,sz.300451,213.8400,230.0000,212.0000,220.0000,214.0300,1599815,354322672.0000,3,9.410676,1,2.789300,296.921546,35.908393,85.507136,26.531998,0
2015-11-27,sz.300451,218.9700,229.0000,207.0300,209.0000,220.0000,1623937,354334512.0000,3,9.552571,1,-5.000000,282.075469,34.112973,81.231779,25.205398,0
2015-11-30,sz.300451,213.0000,229.9000,209.0000,229.9000,209.0000,1924059,425132416.0000,3,11.317994,1,10.000000,310.283016,37.524271,89.354957,27.725938,0
2015-12-01,sz.300451,234.5000,241.5000,206.9100,210.9200,229.9000,2316033,520156896.0000,3,13.623724,1,-8.255800,284.666784,34.426356,81.978023,25.436950,0
2015-12-02,sz.300451,206.0000,206.9000,189.8300,200.3900,210.9200,1665744,328016928.0000,3,9.798494,1,-4.992400,270.455039,32.707649,77.885340,24.167032,0
2015-12-03,sz.300451,199.0200,209.4000,195.0000,205.1800,200.3900,1325871,270638880.0000,3,7.799241,1,2.390300,276.919831,33.489473,79.747064,24.744706,0
2015-12-04,sz.300451,206.8000,215.5600,200.0000,207.4000,205.1800,1379807,287637904.0000,3,8.116512,1,1.082000,279.916039,33.851821,80.609909,25.012438,0
2015-12-07,sz.300451,204.0000,215.0000,198.0100,208.4000,207.4000,1103228,227929587.0000,3,6.489576,1,0.482200,281.265683,34.015041,80.998577,25.133038,0
2015-12-08,sz.300451,206.0000,229.2400,204.2500,229.2400,208.4000,1952114,427313152.0000,3,11.483024,1,10.000000,309.392251,37.416545,89.098435,27.646342,0
2015-12-09,sz.300451,223.2100,226.9000,207.4000,214.4000,229.2400,1608359,349610976.0000,3,9.460935,1,-6.473600,289.363543,34.994361,83.330590,25.856638,0
2015-12-10,sz.300451,213.1100,216.5000,205.0000,210.6000,214.4000,1051114,221816120.0000,3,6.183024,1,-1.772400,284.234898,34.374125,81.853649,25.398358,0
2015-12-11,sz.300451,206.8500,212.8800,200.0000,200.4000,210.6000,1002096,205978604.0000,3,5.894682,1,-4.843300,270.468536,32.709282,77.889227,24.168238,0
2015-12-14,sz.300451,193.0000,202.9900,183.0000,200.2000,200.4000,1065593,205697809.0000,3,6.268194,1,-0.099800,270.198607,32.676638,77.811493,24.144118,0
2015-12-15,sz.300451,199.5800,203.5000,197.0400,199.4800,200.2000,814292,163122214.0000,3,4.789953,1,-0.359600,269.226864,32.559119,77.531652,24.057286,0
2015-12-16,sz.300451,201.0000,211.8800,201.0000,206.0000,199.4800,866812,179687792.0000,3,5.098894,1,3.268500,278.026539,33.623313,80.065772,24.843598,0
2015-12-17,sz.300451,207.6600,213.8700,206.3600,211.8800,206.0000,986820,207086580.0000,3,5.804824,1,2.854400,285.962442,34.583047,82.351145,25.552726,0
2015-12-18,sz.300451,211.8800,215.0000,203.1200,203.6600,211.8800,944584,195755444.0000,3,5.556376,1,-3.879600,274.868373,33.241379,79.156287,24.561394,0
2015-12-21,sz.300451,202.0000,205.0400,198.5100,200.8200,203.6600,578025,116050179.0000,3,3.400147,1,-1.394500,271.035386,32.777834,78.052468,24.218890,0
2015-12-22,sz.300451,202.5500,208.8000,200.0000,204.6100,200.8200,827508,169227032.0000,3,4.867694,1,1.887300,276.150534,33.396438,79.525523,24.675964,0
2015-12-23,sz.300451,204.5500,206.5800,199.6000,199.6000,204.6100,931255,188908975.0000,3,5.477971,1,-2.448600,269.388821,32.578706,77.578292,24.071758,0
2015-12-24,sz.300451,199.8000,204.6100,196.5000,202.6000,199.6000,747342,149918758.0000,3,4.396129,1,1.503000,273.437751,33.068366,78.744298,24.433558,0
2015-12-25,sz.300451,202.7000,205.5000,192.4800,195.0000,202.6000,917715,182534706.0000,3,5.398324,1,-3.751200,263.180461,31.827894,75.790416,23.516998,0
2015-12-28,sz.300451,195.4900,199.8300,187.9700,187.9700,195.0000,983710,190258445.0000,3,5.786529,1,-3.605100,253.692468,30.680457,73.058074,22.669180,0
2015-12-29,sz.300451,188.3000,189.6200,180.5100,185.2900,187.9700,715839,131708176.0000,3,4.210818,1,-1.425800,250.075424,30.243028,72.016442,22.345972,0
2015-12-30,sz.300451,185.2100,188.8000,184.0000,187.3900,185.2900,502992,93630038.0000,3,2.958776,1,1.133400,260.599245,31.515733,75.047080,23.286349,0
2015-12-31,sz.300451,186.0000,187.2800,173.0100,175.2000,187.3900,880971,158088789.0000,3,5.182182,1,-6.505200,243.646874,29.465587,70.165155,21.771537,0
2016-01-04,sz.300451,175.3000,177.8000,157.6800,157.6900,175.2000,671883,110963903.0000,3,3.952253,1,-9.994300,219.296093,26.520710,63.152644,19.595626,0
2016-01-05,sz.300451,148.0000,165.0000,148.0000,162.4000,157.6900,1165570,186427348.0000,3,6.856294,1,2.986900,225.846189,27.312850,65.038934,20.180922,0
2016-01-06,sz.300451,159.4100,165.0000,154.3400,165.0000,162.4000,1125809,181366271.0000,3,6.622406,1,1.601000,229.461953,27.750125,66.080197,20.504016,0
2016-01-07,sz.300451,160.5400,160.5500,148.5000,148.5100,165.0000,228000,34969499.0000,3,1.341176,1,-9.993900,206.529665,24.976794,59.476182,18.454857,0
2016-01-08,sz.300451,154.0000,156.0000,140.0000,148.0000,148.5100,897493,135482323.0000,3,5.279371,1,-0.343400,205.820419,24.891021,59.271935,18.391481,0
2016-01-11,sz.300451,147.0000,155.9600,142.0000,143.4000,148.0000,1089897,162627389.0000,3,6.411159,1,-3.108100,199.423297,24.117381,57.429699,17.819854,0
2016-01-12,sz.300451,144.0000,152.2000,144.0000,149.2000,143.4000,897262,133614590.0000,3,5.278012,1,4.044600,207.489233,25.092840,59.752518,18.540601,0
2016-01-13,sz.300451,149.9000,150.0200,136.0500,136.2000,149.2000,1046479,148888662.0000,3,6.155759,1,-8.713100,189.410412,22.906467,54.546199,16.925133,0
2016-01-14,sz.300451,129.0000,144.1500,126.0100,141.7500,136.2000,1021937,139541636.0000,3,6.011394,1,4.074900,197.128678,23.839880,56.768897,17.614814,0
2016-01-15,sz.300451,140.0000,141.7000,130.5100,131.8500,141.7500,806105,109392339.0000,3,4.741794,1,-6.984100,183.360961,22.174873,52.804085,16.384573,0
2016-01-18,sz.300451,128.8600,140.5300,126.2500,136.6700,131.8500,1170374,156869603.0000,3,6.884553,1,3.655700,190.064031,22.985513,54.734428,16.983539,0
2016-01-19,sz.300451,134.0500,144.5000,131.8000,141.5600,136.6700,1519658,208245404.0000,3,8.939165,1,3.578000,196.864449,23.807925,56.692804,17.591203,0
2016-01-20,sz.300451,139.0200,142.0000,135.0000,136.9900,141.5600,1180256,163427343.0000,3,6.942682,1,-3.228300,190.509048,23.039331,54.862583,17.023304,0
2016-01-21,sz.300451,135.1100,141.7400,132.6000,132.6000,136.9900,1051317,144250258.0000,3,6.184218,1,-3.204600,184.403970,22.301009,53.104449,16.477773,0
2016-01-22,sz.300451,134.2400,138.0000,130.1500,136.2200,132.6000,798302,107075450.0000,3,4.695894,1,2.730000,189.438226,22.909830,54.554209,16.927619,0
2016-01-25,sz.300451,139.0000,145.3000,137.4200,141.7000,136.2200,1183560,167781427.0000,3,6.962118,1,4.022900,197.059144,23.831471,56.748872,17.608600,0
2016-01-26,sz.300451,139.0000,144.8000,128.0600,129.5000,141.7000,1324553,183986546.0000,3,7.791488,1,-8.609700,180.092866,21.779643,51.862943,16.092546,0
2016-01-27,sz.300451,128.9900,131.9800,117.0000,129.4900,129.5000,1089265,135125121.0000,3,6.407441,1,-0.007700,180.078960,21.777962,51.858938,16.091303,0
2016-01-28,sz.300451,127.1800,127.1800,116.5400,116.8000,129.4900,741947,90040264.0000,3,4.364394,1,-9.800000,162.431249,19.643725,46.776770,14.514358,0
2016-01-29,sz.300451,114.0000,123.8800,113.7400,121.1100,116.8000,792879,95055906.0000,3,4.663994,1,3.690100,168.425074,20.368592,48.502865,15.049948,0
2016-02-01,sz.300451,120.3800,120.8100,114.0000,116.0200,121.1100,840143,97952760.0000,3,4.942018,1,-4.202800,161.346520,19.512542,46.464391,14.417430,0
2016-02-02,sz.300451,116.8800,123.2000,116.0100,122.0000,116.0200,973565,117926081.0000,3,5.726853,1,5.154300,169.662778,20.518274,48.859297,15.160545,0
2016-02-03,sz.300451,119.2100,122.6700,116.5100,122.0200,122.0000,1372830,162766947.0000,3,8.075471,1,0.016400,169.690591,20.521638,48.867307,15.163030,0
2016-02-04,sz.300451,123.0200,129.9000,122.0000,127.2000,122.0200,1391502,176903407.0000,3,8.185306,1,4.245200,176.894306,21.392824,50.941825,15.806732,0
2016-02-05,sz.300451,128.9800,129.9900,125.8700,127.4000,127.2000,840333,107415672.0000,3,4.943135,1,0.157200,177.172441,21.426460,51.021922,15.831586,0
2016-02-15,sz.300451,121.5000,125.7600,118.2100,124.8600,127.4000,657367,79872180.0000,3,3.866865,1,-1.993700,173.640118,20.999276,50.004687,15.515948,0
2016-02-16,sz.300451,126.0000,132.9900,125.4100,132.7400,124.8600,872612,114138958.0000,3,5.133012,1,6.311100,184.598665,22.324555,53.160517,16.495170,0
2016-02-17,sz.300451,132.0000,137.6000,130.9900,137.1900,132.7400,1113176,148745821.0000,3,6.548094,1,3.352400,190.787184,23.072967,54.942680,17.048157,0
2016-02-18,sz.300451,138.5000,145.0000,136.0000,139.1800,137.1900,1242116,173909061.0000,3,7.306565,1,1.450500,193.554634,23.407651,55.739648,17.295448,0
2016-02-19,sz.300451,138.0000,141.4500,136.0000,138.9900,139.1800,734145,102013805.0000,3,4.318500,1,-0.136500,193.290405,23.375696,55.663555,17.271837,0
2016-02-22,sz.300451,141.0000,142.9900,136.3800,140.7500,138.9900,826927,114877947.0000,3,4.864276,1,1.266300,195.737999,23.671697,56.368411,17.490547,0
2016-02-23,sz.300451,139.7900,140.5000,130.8800,134.5000,140.7500,1016811,137769049.0000,3,5.981241,1,-4.440500,187.046259,22.620556,53.865373,16.713880,0
2016-02-24,sz.300451,133.1500,137.0900,126.0200,128.0000,134.5000,971158,126139850.0000,3,5.712694,1,-4.832700,178.006849,21.527370,51.262214,15.906146,0
2016-02-25,sz.300451,127.3800,129.0000,115.2000,115.2800,128.0000,1015723,122512225.0000,3,5.974841,1,-9.937500,160.317418,19.388087,46.168031,14.325473,0
2016-02-26,sz.300451,116.2600,118.8800,105.9900,109.5000,115.2800,1232997,136885732.0000,3,7.252924,1,-5.013900,152.279296,18.415992,43.853222,13.607211,0
2016-02-29,sz.300451,109.3000,109.3000,98.5500,98.5500,109.5000,801050,80307007.0000,3,4.712059,1,-10.000000,139.097878,16.209638,39.467900,12.246490,0
2016-03-01,sz.300451,97.1000,101.0000,92.0000,96.3900,98.5500,1143998,111261067.0000,3,6.729400,1,-2.191800,136.049157,15.854358,38.602850,11.978073,0
2016-03-02,sz.300451,98.0000,106.0300,97.0500,106.0300,96.3900,1554243,161640894.0000,3,9.142606,1,10.001000,149.655484,17.439958,42.463535,13.176005,0
2016-03-03,sz.300451,107.7000,114.0800,107.5000,109.8900,106.0300,2216299,245364095.0000,3,13.037053,1,3.640500,155.103661,18.074856,44.009411,13.655675,0
2016-03-04,sz.300451,107.9900,109.9800,100.0100,102.1000,109.8900,1480883,153785703.0000,3,8.711076,1,-7.088900,144.108507,16.793546,40.889625,12.687637,0
2016-03-07,sz.300451,105.0000,112.3100,103.8000,112.3100,102.1000,2651941,295909840.0000,3,15.599653,1,10.000000,158.519357,18.472901,44.978588,13.956400,0
2016-03-08,sz.300451,111.8000,112.4800,101.5800,111.2600,112.3100,2531564,271199744.0000,3,14.891553,1,-0.934900,157.037340,18.300196,44.558077,13.825920,0
2016-03-09,sz.300451,107.0000,110.5000,103.0000,105.5000,111.2600,1378214,146987638.0000,3,8.107141,1,-5.177100,148.907419,17.352783,42.251278,13.110144,0
2016-03-10,sz.300451,104.0500,108.0000,102.2300,103.1000,105.5000,1200901,126786776.0000,3,7.064124,1,-2.274900,145.519951,16.958028,41.290111,12.811903,0
2016-03-11,sz.300451,100.2800,106.5100,98.2000,106.4500,103.1000,1342985,138939240.0000,3,7.899912,1,3.249300,150.248291,17.509040,42.631739,13.228197,0
2016-03-14,sz.300451,108.8000,117.1000,108.8000,116.0100,106.4500,2527875,290730192.0000,3,14.869853,1,8.980700,163.741703,19.081482,46.460386,14.416187,0
2016-03-15,sz.300451,114.0300,118.0000,112.4800,112.5000,116.0100,1839191,211567047.0000,3,10.818771,1,-3.025600,158.787532,18.504153,45.054680,13.980011,0
2016-03-16,sz.300451,116.0000,117.9600,108.9200,111.5000,112.5000,1309756,147626764.0000,3,7.704447,1,-0.888900,157.376087,18.339671,44.654194,13.855744,0
2016-03-17,sz.300451,112.5000,122.5800,111.5000,119.9000,111.5000,1914653,225218544.0000,3,11.262665,1,7.533600,169.232223,19.721315,48.018277,14.899585,0
2016-03-18,sz.300451,121.4500,127.8000,119.0200,125.0000,119.9000,2021275,251904822.0000,3,11.889853,1,4.253500,176.430591,20.560170,50.060756,15.533345,0
2016-03-21,sz.300451,127.0000,129.3500,124.4000,128.0000,125.0000,1973019,250121031.0000,3,11.605994,1,2.400000,180.664925,21.053614,51.262214,15.906146,0
2016-03-22,sz.300451,125.9900,127.0000,124.4000,124.6900,128.0000,1454531,182342332.0000,3,8.556065,1,-2.585900,175.993043,20.509180,49.936605,15.494823,0
2016-03-23,sz.300451,124.5000,129.3500,123.0300,128.5400,124.6900,1548636,196903388.0000,3,9.109624,1,3.087700,181.427105,21.142434,51.478476,15.973250,0
2016-03-24,sz.300451,126.9800,132.1100,123.2500,127.6500,128.5400,1992576,254699430.0000,3,11.721035,1,-0.692400,180.170919,20.996045,51.122044,15.862652,0
2016-03-25,sz.300451,127.0000,140.0000,126.9500,137.1600,127.6500,2407722,326111136.0000,3,14.163071,1,7.450100,193.593759,22.560263,54.930666,17.044429,0
2016-03-28,sz.300451,142.0000,144.0000,132.2200,133.3300,137.1600,2977821,413922032.0000,3,17.516594,1,-2.792400,188.038974,21.931276,71.307470,15.607022,0
2016-03-29,sz.300451,130.5100,137.3000,126.2700,136.0000,133.3300,2390160,314909984.0000,3,14.059765,1,2.002500,191.804548,22.370461,72.735438,15.919560,0
2016-03-30,sz.300451,135.4000,143.8000,134.0000,142.9900,136.0000,2432372,338876416.0000,3,14.308071,1,5.139700,201.662738,23.520236,76.473826,16.737779,0
2016-03-31,sz.300451,143.9900,157.2900,140.8900,157.2900,142.9900,3267456,487824864.0000,3,19.220329,1,10.000700,221.830422,25.872425,84.121743,18.411674,0
2016-04-01,sz.300451,157.8000,158.8000,150.1100,153.8300,157.2900,2478945,383783040.0000,3,14.582029,1,-2.199800,216.950689,25.303294,82.271268,18.006661,0
2016-04-05,sz.300451,153.1200,167.9300,149.4000,159.5000,153.8300,2260083,356803920.0000,3,13.294606,1,3.685900,224.947246,26.235945,85.303694,18.670366,0
2016-04-06,sz.300451,154.9900,163.1800,153.0200,162.5000,159.5000,2246742,355280256.0000,3,13.216129,1,1.880900,229.178229,26.729411,86.908152,19.021533,0
2016-04-07,sz.300451,161.9900,173.8600,158.5000,165.8000,162.5000,2564253,426789424.0000,3,15.083841,1,2.030800,233.832310,27.272223,88.673056,19.407817,0
2016-04-08,sz.300451,161.5000,167.2000,155.1300,161.0000,165.8000,2093293,336836496.0000,3,12.313488,1,-2.895100,227.062737,26.482678,86.105923,18.845950,0
2016-04-11,sz.300451,162.1200,163.9900,157.3300,158.5000,161.0000,1593303,255830472.0000,3,9.372371,1,-1.552800,223.536918,26.071456,84.768874,18.553311,0
2016-04-12,sz.300451,158.1900,159.9800,145.0000,148.0000,158.5000,2039271,308233232.0000,3,11.995712,1,-6.624600,208.728479,24.344325,79.153271,17.324227,0
2016-04-13,sz.300451,149.4800,152.8800,146.5000,148.9000,148.0000,1660576,249467384.0000,3,9.768094,1,0.608100,209.997774,24.492365,79.634608,17.429577,0
2016-04-14,sz.300451,149.7000,152.0000,147.9400,151.3100,148.9000,1053554,158201790.0000,3,6.197376,1,1.618500,213.396663,24.888782,80.923523,17.711681,0
2016-04-15,sz.300451,151.3100,152.7800,148.2000,149.0000,151.3100,772415,115552734.0000,3,4.543618,1,-1.526700,210.138807,24.508813,79.688090,17.441283,0
2016-04-18,sz.300451,149.0000,154.8600,148.0000,151.5000,149.0000,1354127,206161434.0000,3,7.965453,1,1.677900,213.664625,24.920035,81.025139,17.733922,0
2016-04-19,sz.300451,153.6400,155.0000,151.0700,152.2000,151.5000,1192542,182405964.0000,3,7.014953,1,0.462000,214.651855,25.035177,81.399512,17.815861,0
2016-04-20,sz.300451,152.0000,152.5600,136.9800,137.3200,152.2000,2044226,290417360.0000,3,12.024859,1,-9.776600,193.666181,22.587586,73.441400,16.074073,0
2016-04-21,sz.300451,136.0000,136.2700,127.7800,127.8900,137.3200,1545116,204207322.0000,3,9.088918,1,-6.867200,180.366792,21.036457,68.398053,14.970239,0
2016-04-22,sz.300451,125.2100,134.9500,121.4800,133.8000,127.8900,1318583,173210660.0000,3,7.756371,1,4.621200,188.701828,22.008585,71.558835,15.662038,0
2016-04-25,sz.300451,132.0000,132.5200,126.5000,130.8400,133.8000,822324,106954952.0000,3,4.837200,1,-2.212300,184.527258,21.521699,69.975770,15.315553,0
2016-04-26,sz.300451,130.0500,135.1200,129.0300,133.0100,130.8400,815919,108233961.0000,3,4.799524,1,1.658500,193.234661,21.228564,130.956277,15.246460,0
2016-04-27,sz.300451,132.0000,133.0000,129.0000,129.5000,133.0100,880755,115611405.0000,3,5.180912,1,-2.638900,188.135393,20.668364,127.500472,14.844121,0
2016-04-28,sz.300451,128.5000,135.9600,128.0000,134.9800,129.5000,1019393,134345890.0000,3,5.996429,1,4.231700,196.096644,21.542979,132.895859,15.472274,0
2016-04-29,sz.300451,133.8800,134.9800,131.3000,131.3900,134.9800,898886,119142815.0000,3,5.287565,1,-2.659700,190.881153,20.970010,129.361290,15.060765,0
2016-05-03,sz.300451,132.0000,137.6000,128.0000,137.6000,131.3900,1589118,211727166.0000,3,9.347753,1,4.726400,199.902935,21.961134,135.475405,15.772595,0
2016-05-04,sz.300451,135.1100,138.8800,135.0800,136.9900,137.6000,1125012,153939800.0000,3,6.617718,1,-0.443300,199.016737,21.863777,134.874824,15.702673,0
2016-05-05,sz.300451,136.8900,144.9000,136.2800,143.8800,136.9900,1559283,219911388.0000,3,9.172253,1,5.029600,209.026412,22.963430,141.658440,16.492449,0
2016-05-06,sz.300451,142.9500,146.6800,134.9800,134.9800,143.8800,1666079,233865114.0000,3,9.800465,1,-6.185700,196.096644,21.542979,132.895859,15.472274,0
2016-05-09,sz.300451,131.2000,132.0000,122.0000,125.8000,134.9800,984373,125619153.0000,3,5.790429,1,-6.801000,182.760096,20.077839,123.857602,14.420004,0
2016-05-10,sz.300451,125.7000,127.6200,123.6000,124.7000,125.8000,665543,83697236.0000,3,3.914959,1,-0.874400,181.162035,19.902278,122.774586,14.293915,0
2016-05-11,sz.300451,124.5200,126.8600,112.3000,115.7900,124.7000,1397107,164718916.0000,3,8.218276,1,-7.145100,168.217739,18.480230,114.002160,13.272593,0
2016-05-12,sz.300451,111.9900,119.0000,108.0000,118.0500,115.7900,1017550,114738850.0000,3,5.985588,1,1.951800,171.501028,18.840929,116.227264,13.531649,0
2016-05-13,sz.300451,115.5000,119.9900,114.0800,116.9900,118.0500,829299,97050977.0000,3,4.878229,1,-0.897900,169.961078,18.671752,115.183631,13.410145,0
2016-05-16,sz.300451,114.0000,118.4800,112.0500,118.2800,116.9900,849812,98633819.0000,3,2.184815,1,1.102700,171.835168,18.877638,116.453713,13.558013,0
2016-05-17,sz.300451,119.5000,129.8000,117.8900,125.9300,118.2800,1463617,180942624.0000,3,3.762870,1,6.467700,182.948958,20.098587,123.985594,14.434905,0
2016-05-18,sz.300451,124.9800,124.9800,113.3400,115.0700,125.9300,1337079,158382484.0000,3,3.437548,1,-8.623800,167.171735,18.365317,113.293277,13.190062,0
2016-05-19,sz.300451,114.8800,125.9000,114.5000,120.4000,115.0700,1505407,182986819.0000,3,3.870309,1,4.632000,174.915068,19.215992,118.540980,13.801021,0
2016-05-20,sz.300451,117.3500,132.4400,117.0400,132.4400,120.4000,2281068,293160144.0000,3,5.864486,1,10.000000,192.406575,21.137591,130.395078,15.181123,0
2016-05-23,sz.300451,137.9800,141.5500,132.6000,139.7200,132.4400,2713348,369354512.0000,3,6.975852,1,5.496800,202.982835,22.299489,137.562672,16.015603,0
2016-05-24,sz.300451,45.3000,46.5000,43.5100,44.4000,46.5200,6725905,300309696.0000,3,5.763963,1,-4.557200,193.510690,21.258888,131.143343,15.268239,0
2016-05-25,sz.300451,44.5600,48.8400,44.5600,47.4000,44.4000,10729390,512785440.0000,3,9.194868,1,6.756800,206.585737,22.695300,140.004380,16.299877,0
2016-05-26,sz.300451,46.0000,46.4000,43.2000,46.3800,47.4000,9082169,407133312.0000,3,7.783234,1,-2.151900,202.140221,22.206920,136.991627,15.949120,0
2016-05-27,sz.300451,45.1200,46.0100,44.3800,44.4100,46.3800,5064431,228765968.0000,3,4.340114,1,-4.247500,193.554274,21.263676,131.172880,15.271678,0
2016-05-30,sz.300451,44.4100,44.4100,44.4100,44.4100,44.4100,0,0.0000,3,,0,0.000000,193.554274,21.263676,131.172880,15.271678,0
2016-05-31,sz.300451,44.4100,44.4100,44.4100,44.4100,44.4100,0,0.0000,3,,0,0.000000,193.554274,21.263676,131.172880,15.271678,0
2016-06-01,sz.300451,44.4100,44.4100,44.4100,44.4100,44.4100,0,0.0000,3,,0,0.000000,193.554274,21.263676,131.172880,15.271678,0
2016-06-02,sz.300451,44.4100,44.4100,44.4100,44.4100,44.4100,0,0.0000,3,,0,0.000000,193.554274,21.263676,131.172880,15.271678,0
2016-06-03,sz.300451,44.4100,44.4100,44.4100,44.4100,44.4100,0,0.0000,3,,0,0.000000,193.554274,21.263676,131.172880,15.271678,0
2016-06-06,sz.300451,44.4100,44.4100,44.4100,44.4100,44.4100,0,0.0000,3,,0,0.000000,193.554274,21.263676,131.172880,15.271678,0
2016-06-07,sz.300451,44.4100,44.4100,44.4100,44.4100,44.4100,0,0.0000,3,,0,0.000000,193.554274,21.263676,131.172880,15.271678,0
2016-06-08,sz.300451,44.4100,44.4100,44.4100,44.4100,44.4100,0,0.0000,3,,0,0.000000,193.554274,21.263676,131.172880,15.271678,0
2016-06-13,sz.300451,44.4100,44.4100,44.4100,44.4100,44.4100,0,0.0000,3,,0,0.000000,193.554274,21.263676,131.172880,15.271678,0
2016-06-14,sz.300451,44.4100,44.4100,44.4100,44.4100,44.4100,0,0.0000,3,,0,0.000000,193.554274,21.263676,131.172880,15.271678,0
2016-06-15,sz.300451,44.4100,44.4100,44.4100,44.4100,44.4100,0,0.0000,3,,0,0.000000,193.554274,21.263676,131.172880,15.271678,0
2016-06-16,sz.300451,44.4100,44.4100,44.4100,44.4100,44.4100,0,0.0000,3,,0,0.000000,193.554274,21.263676,131.172880,15.271678,0
2016-06-17,sz.300451,44.4100,44.4100,44.4100,44.4100,44.4100,0,0.0000,3,,0,0.000000,193.554274,21.263676,131.172880,15.271678,0
2016-06-20,sz.300451,44.4100,44.4100,44.4100,44.4100,44.4100,0,0.0000,3,,0,0.000000,193.554274,21.263676,131.172880,15.271678,0
2016-06-21,sz.300451,44.4100,44.4100,44.4100,44.4100,44.4100,0,0.0000,3,,0,0.000000,193.554274,21.263676,131.172880,15.271678,0
2016-06-22,sz.300451,44.4100,44.4100,44.4100,44.4100,44.4100,0,0.0000,3,,0,0.000000,193.554274,21.263676,131.172880,15.271678,0
2016-06-23,sz.300451,44.4100,44.4100,44.4100,44.4100,44.4100,0,0.0000,3,,0,0.000000,193.554274,21.263676,131.172880,15.271678,0
2016-06-24,sz.300451,44.4100,44.4100,44.4100,44.4100,44.4100,0,0.0000,3,,0,0.000000,193.554274,21.263676,131.172880,15.271678,0
2016-06-27,sz.300451,44.4100,44.4100,44.4100,44.4100,44.4100,0,0.0000,3,,0,0.000000,193.554274,21.263676,131.172880,15.271678,0
2016-06-28,sz.300451,44.4100,44.4100,44.4100,44.4100,44.4100,0,0.0000,3,,0,0.000000,193.554274,21.263676,131.172880,15.271678,0
2016-06-29,sz.300451,44.4100,44.4100,44.4100,44.4100,44.4100,0,0.0000,3,,0,0.000000,194.291834,21.344704,131.672728,15.329872,0
2016-06-30,sz.300451,44.4100,44.4100,44.4100,44.4100,44.4100,0,0.0000,3,,0,0.000000,194.291834,21.344704,131.672728,15.329872,0
2016-07-01,sz.300451,44.4100,44.4100,44.4100,44.4100,44.4100,0,0.0000,3,,0,0.000000,194.291834,21.344704,131.672728,15.329872,0
2016-07-04,sz.300451,44.4100,44.4100,44.4100,44.4100,44.4100,0,0.0000,3,,0,0.000000,194.291834,21.344704,131.672728,15.329872,0
2016-07-05,sz.300451,44.4100,44.4100,44.4100,44.4100,44.4100,0,0.0000,3,,0,0.000000,194.291834,21.344704,131.672728,15.329872,0
2016-07-06,sz.300451,44.4100,44.4100,44.4100,44.4100,44.4100,0,0.0000,3,,0,0.000000,194.291834,21.344704,131.672728,15.329872,0
2016-07-07,sz.300451,44.4100,44.4100,44.4100,44.4100,44.4100,0,0.0000,3,,0,0.000000,194.291834,21.344704,131.672728,15.329872,0
2016-07-08,sz.300451,44.4100,44.4100,44.4100,44.4100,44.4100,0,0.0000,3,,0,0.000000,194.291834,21.344704,131.672728,15.329872,0
2016-07-11,sz.300451,44.4100,44.4100,44.4100,44.4100,44.4100,0,0.0000,3,,0,0.000000,194.291834,21.344704,131.672728,15.329872,0
2016-07-12,sz.300451,44.4100,44.4100,44.4100,44.4100,44.4100,0,0.0000,3,,0,0.000000,194.291834,21.344704,131.672728,15.329872,0
2016-07-13,sz.300451,44.4100,44.4100,44.4100,44.4100,44.4100,0,0.0000,3,,0,0.000000,194.291834,21.344704,131.672728,15.329872,0
2016-07-14,sz.300451,44.4100,44.4100,44.4100,44.4100,44.4100,0,0.0000,3,,0,0.000000,194.291834,21.344704,131.672728,15.329872,0
2016-07-15,sz.300451,44.4100,44.4100,44.4100,44.4100,44.4100,0,0.0000,3,,0,0.000000,194.291834,21.344704,131.672728,15.329872,0
2016-07-18,sz.300451,44.4100,44.4100,44.4100,44.4100,44.4100,0,0.0000,3,,0,0.000000,194.291834,21.344704,131.672728,15.329872,0
2016-07-19,sz.300451,44.4100,44.4100,44.4100,44.4100,44.4100,0,0.0000,3,,0,0.000000,194.291834,21.344704,131.672728,15.329872,0
2016-07-20,sz.300451,44.4100,44.4100,44.4100,44.4100,44.4100,0,0.0000,3,,0,0.000000,194.291834,21.344704,131.672728,15.329872,0
2016-07-21,sz.300451,44.4100,44.4100,44.4100,44.4100,44.4100,0,0.0000,3,,0,0.000000,194.291834,21.344704,131.672728,15.329872,0
2016-07-22,sz.300451,44.4100,44.4100,44.4100,44.4100,44.4100,0,0.0000,3,,0,0.000000,194.291834,21.344704,131.672728,15.329872,0
2016-07-25,sz.300451,44.4100,44.4100,44.4100,44.4100,44.4100,0,0.0000,3,,0,0.000000,194.291834,21.344704,131.672728,15.329872,0
2016-07-26,sz.300451,44.4100,44.4100,44.4100,44.4100,44.4100,0,0.0000,3,,0,0.000000,194.291834,21.344704,131.672728,15.329872,0
2016-07-27,sz.300451,44.4100,44.4100,44.4100,44.4100,44.4100,0,0.0000,3,,0,0.000000,194.291834,21.344704,131.672728,15.329872,0
2016-07-28,sz.300451,44.4100,44.4100,44.4100,44.4100,44.4100,0,0.0000,3,,0,0.000000,194.291834,21.344704,131.672728,15.329872,0
2016-07-29,sz.300451,44.4100,44.4100,44.4100,44.4100,44.4100,0,0.0000,3,,0,0.000000,194.291834,21.344704,131.672728,15.329872,0
2016-08-01,sz.300451,44.4100,44.4100,44.4100,44.4100,44.4100,0,0.0000,3,,0,0.000000,194.291834,21.344704,131.672728,15.329872,0
2016-08-02,sz.300451,44.4100,44.4100,44.4100,44.4100,44.4100,0,0.0000,3,,0,0.000000,194.291834,21.344704,131.672728,15.329872,0
2016-08-03,sz.300451,44.4100,44.4100,44.4100,44.4100,44.4100,0,0.0000,3,,0,0.000000,194.291834,21.344704,131.672728,15.329872,0
2016-08-04,sz.300451,44.4100,44.4100,44.4100,44.4100,44.4100,0,0.0000,3,,0,0.000000,194.291834,21.344704,131.672728,15.329872,0
2016-08-05,sz.300451,44.4100,44.4100,44.4100,44.4100,44.4100,0,0.0000,3,,0,0.000000,194.291834,21.344704,131.672728,15.329872,0
2016-08-08,sz.300451,44.4100,44.4100,44.4100,44.4100,44.4100,0,0.0000,3,,0,0.000000,194.291834,21.344704,131.672728,15.329872,0
2016-08-09,sz.300451,44.4100,44.4100,44.4100,44.4100,44.4100,0,0.0000,3,,0,0.000000,194.291834,21.344704,131.672728,15.329872,0
2016-08-10,sz.300451,44.4100,44.4100,44.4100,44.4100,44.4100,0,0.0000,3,,0,0.000000,194.291834,21.344704,131.672728,15.329872,0
2016-08-11,sz.300451,44.4100,44.4100,44.4100,44.4100,44.4100,0,0.0000,3,,0,0.000000,194.291834,21.344704,131.672728,15.329872,0
2016-08-12,sz.300451,44.4100,44.4100,44.4100,44.4100,44.4100,0,0.0000,3,,0,0.000000,194.291834,21.344704,131.672728,15.329872,0
2016-08-15,sz.300451,44.4100,44.4100,44.4100,44.4100,44.4100,0,0.0000,3,,0,0.000000,194.291834,21.344704,131.672728,15.329872,0
2016-08-16,sz.300451,44.4100,44.4100,44.4100,44.4100,44.4100,0,0.0000,3,,0,0.000000,194.291834,21.344704,131.672728,15.329872,0
2016-08-17,sz.300451,44.4100,44.4100,44.4100,44.4100,44.4100,0,0.0000,3,,0,0.000000,194.291834,21.344704,131.672728,15.329872,0
2016-08-18,sz.300451,44.4100,44.4100,44.4100,44.4100,44.4100,0,0.0000,3,,0,0.000000,194.291834,21.344704,131.672728,15.329872,0
2016-08-19,sz.300451,44.4100,44.4100,44.4100,44.4100,44.4100,0,0.0000,3,,0,0.000000,194.291834,21.344704,131.672728,15.329872,0
2016-08-22,sz.300451,44.4100,44.4100,44.4100,44.4100,44.4100,0,0.0000,3,,0,0.000000,239.002426,20.748503,607.722306,15.354436,0
2016-08-23,sz.300451,44.4100,44.4100,44.4100,44.4100,44.4100,0,0.0000,3,,0,0.000000,239.002426,20.748503,607.722306,15.354436,0
2016-08-24,sz.300451,44.4100,44.4100,44.4100,44.4100,44.4100,0,0.0000,3,,0,0.000000,239.002426,20.748503,607.722306,15.354436,0
2016-08-25,sz.300451,48.8500,48.8500,48.1000,48.8500,44.4100,6919261,337987792.0000,3,5.929666,1,9.997700,262.897287,22.822886,668.480852,16.889534,0
2016-08-26,sz.300451,50.5000,52.3400,48.0100,48.8000,48.8500,15976636,806170512.0000,3,13.691651,1,-0.102400,262.628201,22.799526,667.796634,16.872246,0
2016-08-29,sz.300451,50.0000,52.0000,49.1000,49.1800,48.8000,9513568,477524416.0000,3,8.152934,1,0.778700,264.673256,22.977063,672.996690,17.003629,0
2016-08-30,sz.300451,49.8000,49.8400,44.4500,44.8100,49.1800,9711456,446638240.0000,3,8.322520,1,-8.885700,241.155116,20.935384,613.196049,15.492733,0
2016-08-31,sz.300451,44.7700,44.7700,42.6000,43.6200,44.8100,5538123,240495441.0000,3,4.746058,1,-2.655700,234.750863,20.379412,596.911664,15.081299,0
2016-09-01,sz.300451,43.6200,44.1400,43.1000,43.3300,43.6200,3454976,150752707.0000,3,2.960844,1,-0.664800,233.190163,20.243923,592.943200,14.981034,0
2016-09-02,sz.300451,43.4000,43.8500,42.6000,42.6300,43.3300,3303711,143027856.0000,3,2.831213,1,-1.615500,229.422955,19.916881,583.364150,14.739014,0
2016-09-05,sz.300451,42.1800,43.2400,42.1800,42.3000,42.6300,2739172,117194342.0000,3,2.347415,1,-0.774107,227.646986,19.762704,578.848312,14.624919,0
2016-09-06,sz.300451,42.2800,42.4200,41.0000,42.2400,42.3000,3491545,145434969.0000,3,2.992183,1,-0.141838,227.324082,19.734671,578.027251,14.604174,0
2016-09-07,sz.300451,42.2400,42.4200,41.5600,41.6400,42.2400,2655900,111651945.0000,3,2.276052,1,-1.420460,224.095047,19.454349,569.816636,14.396728,0
2016-09-08,sz.300451,41.6500,42.4700,41.5200,42.1000,41.6400,2298562,96624947.0000,3,1.969821,1,1.104705,226.570640,19.669263,576.111441,14.555770,0
2016-09-09,sz.300451,42.0800,42.1000,41.0700,41.1200,42.1000,2465829,101973830.0000,3,2.113165,1,-2.327790,221.296550,19.211404,562.700771,14.216942,0
2016-09-12,sz.300451,40.0000,40.1400,38.4800,38.4800,41.1200,2655314,104675781.0000,3,2.275550,1,-6.420232,207.088794,17.977987,526.574067,13.304181,0
2016-09-13,sz.300451,39.0500,39.1900,37.7700,37.9900,38.4800,2071375,79274180.0000,3,1.775126,1,-1.273383,204.451749,17.749057,519.868732,13.134767,0
2016-09-14,sz.300451,37.9200,37.9600,37.0000,37.6200,37.9900,1640118,61657242.0000,3,1.405548,1,-0.973948,202.460511,17.576192,514.805520,13.006842,0
2016-09-19,sz.300451,38.0000,38.1800,37.7500,38.0000,37.6200,1680027,63766855.0000,3,1.439749,1,1.010104,204.505566,17.753729,520.005576,13.138225,0
2016-09-20,sz.300451,37.8300,39.4800,37.8300,39.1200,38.0000,2485480,96641257.0000,3,2.130006,1,2.947366,210.533099,18.276997,535.332056,13.525457,0
2016-09-21,sz.300451,39.0000,39.3700,38.5200,38.8300,39.1200,1473251,57246444.0000,3,1.262546,1,-0.741301,208.972398,18.141508,531.363592,13.425191,0
2016-09-22,sz.300451,39.0100,39.2000,38.5000,38.5500,38.8300,1161700,45037588.0000,3,0.995553,1,-0.721099,207.465515,18.010691,527.531972,13.328383,0
2016-09-23,sz.300451,38.7200,38.8200,38.0200,38.0700,38.5500,1064812,40949170.0000,3,0.912522,1,-1.245135,204.882287,17.786433,520.963481,13.162427,0
2016-09-26,sz.300451,37.7000,40.0100,36.8000,36.8800,38.0700,2217251,84541801.0000,3,1.900139,1,-3.125817,198.478034,17.230461,504.679096,12.750993,0
2016-09-27,sz.300451,36.8800,37.3500,35.0000,35.9500,36.8800,3720690,133154382.0000,3,3.188555,1,-2.521693,193.473029,16.795962,491.952643,12.429452,0
2016-09-28,sz.300451,35.9500,35.9800,35.0300,35.1500,35.9500,2307926,81415899.0000,3,1.977846,1,-2.225311,189.167649,16.422199,481.005158,12.152858,0
2016-09-29,sz.300451,35.1000,35.2800,34.8600,34.9000,35.1500,2167726,75995023.0000,3,1.857697,1,-0.711237,187.822217,16.305398,477.584068,12.066422,0
2016-09-30,sz.300451,34.8600,35.3500,34.7900,35.1700,34.9000,1261418,44306082.0000,3,1.081010,1,0.773629,189.275283,16.431543,481.278845,12.159773,0
2016-10-10,sz.300451,35.5000,38.6900,35.5000,38.6900,35.1700,3537274,131688054.0000,3,3.031372,1,10.008530,208.218957,18.076099,529.447782,13.376787,0
2016-10-11,sz.300451,39.5800,40.3000,39.1900,39.6600,38.6900,5316785,210852840.0000,3,4.556376,1,2.507111,213.439230,18.529287,542.721609,13.712158,0
2016-10-12,sz.300451,39.6000,39.6000,39.0000,39.2400,39.6600,2980994,116910141.0000,3,2.554651,1,-1.058997,211.178906,18.333061,536.974179,13.566946,0
2016-10-13,sz.300451,39.0700,40.6100,39.0100,39.5200,39.2400,3079979,122748673.0000,3,2.639479,1,0.713554,212.685789,18.463878,540.805799,13.663754,0
2016-10-14,sz.300451,39.0000,39.5000,38.0100,39.4100,39.5200,2626399,101743524.0000,3,2.250770,1,-0.278342,212.093799,18.412486,539.300520,13.625722,0
2016-10-17,sz.300451,42.3500,43.3400,40.7000,41.0300,39.4100,8658466,362220112.0000,3,7.420129,1,4.110629,220.812194,19.169355,561.469178,14.185825,0
2016-10-18,sz.300451,40.9000,40.9000,39.5000,40.6800,41.0300,4208145,169458488.0000,3,3.606294,1,-0.853031,218.928590,19.005834,556.679653,14.064815,0
2016-10-19,sz.300451,40.6200,41.4800,40.3000,40.9000,40.6800,3436380,140296867.0000,3,2.944908,1,0.540809,220.112570,19.108619,559.690212,14.140879,0
2016-10-20,sz.300451,40.6100,42.4000,40.3000,42.0900,40.9000,4927025,203933983.0000,3,4.222360,1,2.909532,226.516823,19.664591,575.974597,14.552313,0
2016-10-21,sz.300451,42.0900,42.1000,40.5500,40.7800,42.0900,3013036,123555648.0000,3,2.582110,1,-3.112381,219.466763,19.052554,558.048089,14.099390,0
2016-10-24,sz.300451,40.7000,41.1500,40.4500,40.8000,40.7800,2208736,89982098.0000,3,1.892842,1,0.049045,219.574397,19.061898,558.321776,14.106304,0
2016-10-25,sz.300451,40.8500,40.8500,39.9000,40.0100,40.8000,2451501,98847425.0000,3,2.100886,1,-1.936277,215.322834,18.692808,547.511134,13.833168,0
2016-10-26,sz.300451,40.0000,40.5000,39.4600,39.7100,40.0100,2131630,85163456.0000,3,1.826763,1,-0.749811,213.708317,18.552647,543.405827,13.729445,0
2016-10-27,sz.300451,39.7100,39.7100,39.7100,39.7100,39.7100,0,0.0000,3,,0,0.000000,213.708317,18.552647,543.405827,13.729445,0
2016-10-28,sz.300451,39.7100,39.7100,39.7100,39.7100,39.7100,0,0.0000,3,,0,0.000000,164.487338,17.057579,-634.289487,12.996508,0
2016-10-31,sz.300451,39.7100,39.7100,39.7100,39.7100,39.7100,0,0.0000,3,,0,0.000000,164.487338,17.057579,-634.289487,12.996508,0
2016-11-01,sz.300451,39.7100,39.7100,39.7100,39.7100,39.7100,0,0.0000,3,,0,0.000000,164.487338,17.057579,-634.289487,12.996508,0
2016-11-02,sz.300451,39.7100,39.7100,39.7100,39.7100,39.7100,0,0.0000,3,,0,0.000000,164.487338,17.057579,-634.289487,12.996508,0
2016-11-03,sz.300451,39.7100,39.7100,39.7100,39.7100,39.7100,0,0.0000,3,,0,0.000000,164.487338,17.057579,-634.289487,12.996508,0
2016-11-04,sz.300451,42.8000,43.6800,42.1000,43.6800,39.7100,2690341,116373718.0000,3,2.305567,1,9.997485,180.931929,18.762908,-697.702462,14.295831,0
2016-11-07,sz.300451,46.9900,46.9900,41.9500,42.3400,43.6800,9658391,426209424.0000,3,8.277044,1,-3.067766,175.381362,18.187306,-676.298586,13.857269,0
2016-11-08,sz.300451,41.9600,41.9900,41.0600,41.7500,42.3400,4654380,193597594.0000,3,3.988709,1,-1.393482,172.937455,17.933869,-666.874492,13.664170,0
2016-11-09,sz.300451,41.7500,43.0000,41.0000,41.3200,41.7500,4680007,196502466.0000,3,4.010671,1,-1.029941,171.156303,17.749161,-660.006084,13.523437,0
2016-11-10,sz.300451,41.4500,41.9300,41.0100,41.3200,41.3200,3558351,147063071.0000,3,3.049434,1,0.000000,171.156303,17.749161,-660.006084,13.523437,0
2016-11-11,sz.300451,41.0900,41.3300,40.5200,40.8500,41.3200,3043430,124111639.0000,3,2.608157,1,-1.137467,169.209462,17.547271,-652.498754,13.369613,0
2016-11-14,sz.300451,40.4500,41.7000,40.4400,41.2000,40.8500,3357420,137927163.0000,3,2.877240,1,0.856799,170.659237,17.697614,-658.089319,13.484163,0
2016-11-15,sz.300451,41.2000,41.2000,40.3200,41.0600,41.2000,2467193,100442633.0000,3,2.114334,1,-0.339804,170.079327,17.637477,-655.853093,13.438343,0
2016-11-16,sz.300451,41.4000,42.2000,41.0600,41.3700,41.0600,3863858,160910166.0000,3,3.311248,1,0.754987,171.363414,17.770639,-660.804736,13.539802,0
2016-11-17,sz.300451,41.3200,42.9800,40.3700,42.7500,41.3700,6443275,270301488.0000,3,5.521755,1,3.335753,177.079670,18.363423,-682.847534,13.991456,0
2016-11-18,sz.300451,42.4200,43.0000,41.7000,41.9000,42.7500,3790799,159744643.0000,3,3.248637,1,-1.988300,173.558787,17.998302,-669.270448,13.713263,0
2016-11-21,sz.300451,41.3300,42.3300,41.1100,41.4500,41.9000,2559411,106009992.0000,3,2.193363,1,-1.073987,171.694791,17.805003,-662.082579,13.565985,0
2016-11-22,sz.300451,41.4800,42.0200,41.3000,41.9000,41.4500,2790379,116322178.0000,3,2.391298,1,1.085647,173.558787,17.998302,-669.270448,13.713263,0
2016-11-23,sz.300451,41.9000,41.9000,41.0000,41.0600,41.9000,2672834,110577900.0000,3,2.290564,1,-2.004774,170.073282,17.636850,-655.829781,13.437866,0
2016-11-24,sz.300451,40.9000,41.2300,39.7900,39.8500,41.0600,2413797,97547658.0000,3,2.068575,1,-2.946914,165.061380,17.117108,-636.503088,13.041864,0
2016-11-25,sz.300451,39.7800,41.8300,38.5000,40.8300,39.8500,3129464,126239785.0000,3,2.681887,1,2.459231,169.120606,17.538056,-652.156112,13.362593,0
2016-11-28,sz.300451,40.6700,40.8500,40.0500,40.0500,40.8300,1635965,65994658.0000,3,1.401989,1,-1.910366,165.889794,17.203016,-639.697582,13.107319,0
2016-11-29,sz.300451,39.8200,40.3000,39.3100,39.3300,40.0500,1776328,70506325.0000,3,1.522277,1,-1.797746,162.907505,16.893748,-628.197401,12.871682,0
2016-11-30,sz.300451,39.0700,40.2900,39.0000,39.3300,39.3300,1858090,73493497.0000,3,1.592345,1,0.000000,162.907505,16.893748,-628.197401,12.871682,0
2016-12-01,sz.300451,39.7000,40.0800,39.3000,39.3400,39.3300,1264100,50046601.0000,3,1.083308,1,0.025422,162.948926,16.898044,-628.357126,12.874954,0
2016-12-02,sz.300451,39.4500,39.5400,38.5000,38.5000,39.3400,1541291,60048829.0000,3,1.320855,1,-2.135232,159.469590,16.537231,-614.940248,12.600044,0
2016-12-05,sz.300451,37.9800,38.7900,37.5800,38.3000,38.5000,1073238,41220382.0000,3,0.919743,1,-0.519482,158.641176,16.451324,-611.745753,12.534590,0
2016-12-06,sz.300451,38.2000,38.7700,37.8800,38.0000,38.3000,1091575,41767325.0000,3,0.935458,1,-0.783288,157.398556,16.322462,-606.954011,12.436407,0
2016-12-07,sz.300451,38.5500,38.5900,38.0500,38.2200,38.0000,1102945,42160429.0000,3,0.945201,1,0.578951,158.309811,16.416961,-610.467955,12.508408,0
2016-12-08,sz.300451,38.2200,38.6000,37.9100,38.5100,38.2200,1672928,64112122.0000,3,1.433665,1,0.758757,159.511010,16.541527,-615.099972,12.603317,0
2016-12-09,sz.300451,38.5100,39.4100,38.0200,39.1100,38.5100,2357520,91090902.0000,3,2.020347,1,1.558043,161.996251,16.799250,-624.683457,12.799681,0
2016-12-12,sz.300451,38.8000,39.0000,35.3000,35.9000,39.1100,2145316,79656646.0000,3,1.838492,1,-8.207617,148.700215,15.420431,-573.411815,11.749132,0
2016-12-13,sz.300451,35.8900,35.9000,34.7500,35.4700,35.9000,1314165,46567328.0000,3,1.126213,1,-1.197772,146.919126,15.235730,-566.543652,11.608405,0
2016-12-14,sz.300451,35.8000,35.8000,34.9500,35.0100,35.4700,977915,34389778.0000,3,0.838053,1,-1.296879,145.013775,15.038142,-559.196314,11.457859,0
2016-12-15,sz.300451,35.0100,35.8800,35.0100,35.3400,35.0100,1119966,39657664.0000,3,0.959788,1,0.942593,146.380657,15.179890,-564.467230,11.565859,0
2016-12-16,sz.300451,35.3000,35.8800,35.0300,35.7100,35.3400,902229,32095771.0000,3,0.763700,1,1.046969,147.913222,15.338819,-570.377045,11.686950,0
2016-12-19,sz.300451,35.4600,35.8600,35.2000,35.2700,35.7100,846974,30013985.0000,3,0.716929,1,-1.232144,146.090712,15.149822,-563.349157,11.542950,0
2016-12-20,sz.300451,35.2000,35.4900,35.0100,35.2500,35.2700,626490,22076132.0000,3,0.530298,1,-0.056707,146.007871,15.141231,-563.029707,11.536404,0
2016-12-21,sz.300451,35.4400,35.6900,35.2000,35.4800,35.2500,716786,25412449.0000,3,0.606730,1,0.652481,146.960546,15.240025,-566.703376,11.611677,0
2016-12-22,sz.300451,35.8000,39.0300,35.4000,39.0300,35.4800,2838854,108045820.0000,3,2.402974,1,10.005640,161.664885,16.764887,-623.405659,12.773500,0
2016-12-23,sz.300451,39.6000,40.2800,38.2400,38.2400,39.0300,5411206,213435150.0000,3,4.580365,1,-2.024077,158.392652,16.425551,-610.787404,12.514953,0
2016-12-26,sz.300451,38.0100,39.9600,37.1500,38.9300,38.2400,4380300,170943544.0000,3,3.707745,1,1.804390,161.250679,16.721933,-621.808412,12.740772,0
2016-12-27,sz.300451,38.9500,39.5900,37.8700,38.0400,38.9300,2958555,114526540.0000,3,2.504296,1,-2.286153,157.564239,16.339644,-607.592910,12.449498,0
2016-12-28,sz.300451,37.9800,38.7900,37.2600,37.4800,38.0400,1836069,69174444.0000,3,1.554157,1,-1.472138,155.244681,16.099102,-598.648324,12.266225,0
2016-12-29,sz.300451,37.5000,38.1500,37.3500,37.4000,37.4800,1390401,52375665.0000,3,1.176918,1,-0.213442,154.913316,16.064739,-597.370526,12.240043,0
2016-12-30,sz.300451,37.0200,37.9200,36.2000,36.9000,37.4000,1945515,71986225.0000,3,1.646799,1,-1.336898,152.842282,15.849970,-589.384289,12.076406,0
2017-01-03,sz.300451,37.5200,38.8800,37.3800,37.4200,36.9000,2120430,80529496.0000,3,1.941217,1,1.409205,154.996157,16.073330,-597.689976,12.246589,0
2017-01-04,sz.300451,37.4200,38.7000,36.9600,38.4400,37.4200,2405330,91056300.0000,3,2.202038,1,2.725816,159.221066,16.511459,-613.981899,12.580408,0
2017-01-05,sz.300451,38.3800,39.0000,38.0200,38.5600,38.4400,2151771,83083686.0000,3,1.969909,1,0.312182,159.718114,16.563004,-615.898596,12.619681,0
2017-01-06,sz.300451,38.0300,38.9300,37.8000,38.2400,38.5600,2146163,82352295.0000,3,1.964775,1,-0.829875,158.392652,16.425551,-610.787404,12.514953,0
2017-01-09,sz.300451,38.2400,38.8200,37.8600,38.4800,38.2400,1204785,46375646.0000,3,1.102960,1,0.627609,159.386748,16.528641,-614.620798,12.593499,0
2017-01-10,sz.300451,38.4800,38.8800,37.9200,38.0000,38.4800,989115,37929544.0000,3,0.905518,1,-1.247400,157.398556,16.322462,-606.954011,12.436407,0
2017-01-11,sz.300451,37.9800,38.2700,36.7100,36.8000,38.0000,1551584,57892387.0000,3,1.420448,1,-3.157897,152.428075,15.807016,-587.787042,12.043679,0
2017-01-12,sz.300451,36.5100,36.8900,35.8600,35.8700,36.8000,1029750,37441023.0000,3,0.942718,1,-2.527175,148.575953,15.407545,-572.932641,11.739314,0
2017-01-13,sz.300451,35.9000,36.4900,35.5000,35.6600,35.8700,1093467,39403622.0000,3,1.001050,1,-0.585445,147.706119,15.317342,-569.578422,11.670587,0
2017-01-16,sz.300451,35.5000,35.6600,33.5200,34.2100,35.6600,1738788,59834393.0000,3,1.591830,1,-4.066183,141.700121,14.694511,-546.418334,11.196039,0
2017-01-17,sz.300451,34.2100,35.2700,33.4200,35.2400,34.2100,1541586,53178981.0000,3,1.411295,1,3.010823,145.966450,15.136936,-562.869983,11.533132,0
2017-01-18,sz.300451,34.9000,34.9000,34.0000,34.0000,35.2400,1250073,43095172.0000,3,1.144420,1,-3.518734,140.830287,14.604308,-543.064115,11.127312,0
2017-01-19,sz.300451,34.0000,34.3700,33.7000,33.9800,34.0000,606554,20656002.0000,3,0.555290,1,-0.058825,140.747446,14.595718,-542.744665,11.120766,0
2017-01-20,sz.300451,33.9800,35.1700,33.9000,34.7800,33.9800,1007425,34976497.0000,3,0.922280,1,2.354324,144.061099,14.939348,-555.522645,11.382586,0
2017-01-23,sz.300451,34.7000,35.9800,34.5400,35.9800,34.7800,1723324,61194102.0000,3,1.577673,1,3.450261,171.600943,17.795271,-661.720687,13.558569,0
2017-01-24,sz.300451,35.9900,37.7900,35.3000,37.0000,35.9800,1890468,68760645.0000,3,1.730691,1,2.834910,176.465672,18.299750,-680.479861,13.942942,0
2017-01-25,sz.300451,36.9900,40.6900,36.1400,36.8800,37.0000,2722918,101615126.0000,3,2.492784,1,-0.324321,175.893351,18.240400,-678.272900,13.897722,0
2017-01-26,sz.300451,38.0000,38.0000,36.3800,36.5500,36.8800,1289258,47420185.0000,3,1.180293,1,-0.894799,174.319468,18.077186,-672.203755,13.773366,0
2017-02-03,sz.300451,36.7400,36.7400,35.6100,35.8000,36.5500,808482,29078686.0000,3,0.740151,1,-2.051984,170.742461,17.706245,-658.410244,13.490739,0
2017-02-06,sz.300451,35.7900,36.9900,35.7900,36.6600,35.8000,1093847,39941020.0000,3,1.001398,1,2.402236,174.844096,18.131590,-674.226803,13.814818,0
2017-02-07,sz.300451,37.0000,37.0000,36.0300,36.1000,36.6600,862915,31331654.0000,3,0.789984,1,-1.527554,172.173264,17.854621,-663.927648,13.603790,0
2017-02-08,sz.300451,36.1000,36.8200,36.1000,36.7700,36.1000,960295,35061472.0000,3,0.879133,1,1.855961,175.368723,18.185995,-676.249851,13.856270,0
2017-02-09,sz.300451,36.4900,36.8600,36.4900,36.7000,36.7700,1244080,45597737.0000,3,1.138934,1,-0.190372,175.034870,18.151374,-674.962457,13.829892,0
2017-02-10,sz.300451,36.7000,36.7000,35.8500,35.9000,36.7000,1567500,56793385.0000,3,1.435019,1,-2.179834,171.219396,17.755704,-660.249379,13.528423,0
2017-02-13,sz.300451,35.5200,36.2300,35.4100,35.5000,35.9000,1947670,69651549.0000,3,1.783058,1,-1.114210,169.311659,17.557868,-652.892840,13.377688,0
2017-02-14,sz.300451,35.7900,35.8000,35.0000,35.4200,35.5000,1265131,44533940.0000,3,1.158205,1,-0.225357,168.930111,17.518301,-651.421532,13.347541,0
2017-02-15,sz.300451,35.3100,35.5400,35.0500,35.1300,35.4200,875860,30943682.0000,3,0.801835,1,-0.818738,167.547002,17.374871,-646.088041,13.238259,0
2017-02-16,sz.300451,35.1300,35.1300,34.4800,34.8200,35.1300,1398002,48561263.0000,3,1.279846,1,-0.882440,166.068506,17.221549,-640.386723,13.121439,0
2017-02-17,sz.300451,34.6100,35.2900,34.4000,34.5400,34.8200,1061218,36867089.0000,3,0.971527,1,-0.804132,164.733090,17.083064,-635.237146,13.015925,0
2017-02-20,sz.300451,34.5500,35.1900,34.3000,35.1800,34.5400,1026942,35700957.0000,3,0.940148,1,1.852922,167.785469,17.399600,-647.007609,13.257100,0
2017-02-21,sz.300451,35.2400,35.8900,34.8600,35.6700,35.1800,1780150,63227806.0000,3,1.629696,1,1.392831,170.122447,17.641948,-656.019369,13.441750,0
2017-02-22,sz.300451,35.6000,35.8800,35.1800,35.4700,35.6700,826229,29286615.0000,3,0.756398,1,-0.560687,169.168578,17.543031,-652.341099,13.366383,0
2017-02-23,sz.300451,35.7000,36.2900,35.3200,36.0000,35.4700,1922112,69200939.0000,3,1.759660,1,1.494217,171.696330,17.805162,-662.088514,13.566106,0
2017-02-24,sz.300451,35.9000,36.0900,35.7000,35.9400,36.0000,1074364,38600589.0000,3,0.983562,1,-0.166670,171.410169,17.775487,-660.985033,13.543496,0
2017-02-27,sz.300451,35.9400,36.0000,35.0000,35.1100,35.9400,1333881,47365895.0000,3,1.221145,1,-2.309399,167.451615,17.364979,-645.720214,13.230722,0
2017-02-28,sz.300451,35.1600,35.4900,34.8600,35.2400,35.1100,1018813,35783734.0000,3,0.932706,1,0.370268,131.194655,15.722609,-648.111089,13.279711,0
2017-03-01,sz.300451,35.2300,35.5200,34.9700,35.2400,35.2400,1059154,37397663.0000,3,0.969637,1,0.000000,131.194655,15.722609,-648.111089,13.279711,0
2017-03-02,sz.300451,35.2400,36.2000,35.2400,35.8200,35.2400,2209302,79086180.0000,3,2.022578,1,1.645851,133.353931,15.981381,-658.778071,13.498276,0
2017-03-03,sz.300451,35.6100,36.1400,35.6000,36.0000,35.8200,1543813,55409310.0000,3,1.413334,1,0.502513,134.024051,16.061689,-662.088514,13.566106,0
2017-03-06,sz.300451,35.9800,36.7700,35.7500,36.7200,36.0000,2169939,79129701.0000,3,1.986541,1,2.000003,136.704532,16.382923,-675.330284,13.837428,0
2017-03-07,sz.300451,36.5200,36.6500,35.8800,36.5600,36.7200,2058940,74719375.0000,3,1.884924,1,-0.435729,136.108870,16.311538,-672.387668,13.777134,0
2017-03-08,sz.300451,36.5000,36.5500,36.1000,36.1000,36.5600,2139602,77488909.0000,3,1.958768,1,-1.258214,134.396340,16.106305,-663.927648,13.603790,0
2017-03-09,sz.300451,36.2500,36.4500,35.6000,35.8500,36.1000,1252515,45113193.0000,3,1.055055,1,-0.692521,133.465618,15.994766,-659.329812,13.509581,0
2017-03-10,sz.300451,35.8500,36.2800,35.6900,35.8000,35.8500,937366,33637351.0000,3,0.789589,1,-0.139468,133.279473,15.972458,-658.410244,13.490739,0
2017-03-13,sz.300451,35.5200,35.8300,35.1200,35.5600,35.8000,1916989,67848942.0000,3,1.614774,1,-0.670385,132.385980,15.865380,-653.996321,13.400298,0
2017-03-14,sz.300451,35.8100,35.9100,35.1500,35.1500,35.5600,1864297,66007515.0000,3,1.570388,1,-1.152980,130.859595,15.682455,-646.455868,13.245795,0
2017-03-15,sz.300451,35.1600,35.3800,34.8000,35.1300,35.1500,1148812,40250051.0000,3,0.967700,1,-0.056900,130.785137,15.673532,-646.088041,13.238259,0
2017-03-16,sz.300451,35.1500,35.5300,35.0000,35.4000,35.1300,1404267,49597596.0000,3,1.182883,1,0.768575,131.790317,15.793995,-651.053705,13.340004,0
2017-03-17,sz.300451,35.4800,35.8400,35.1200,35.1200,35.4000,1557732,55295729.0000,3,1.312154,1,-0.790968,130.747908,15.669070,-645.904128,13.234490,0
2017-03-20,sz.300451,35.0600,35.7500,34.6000,35.6400,35.1200,1816587,63735595.0000,3,1.530200,1,1.480639,132.683811,15.901072,-655.467629,13.430445,0
2017-03-21,sz.300451,35.4000,35.4800,35.0700,35.2400,35.6400,1027283,36210772.0000,3,0.865331,1,-1.122328,131.194655,15.722609,-648.111089,13.279711,0
2017-03-22,sz.300451,35.0000,35.1100,34.6600,34.7700,35.2400,1023173,35670303.0000,3,0.861869,1,-1.333715,129.444896,15.512915,-639.467156,13.102598,0
2017-03-23,sz.300451,34.6800,35.3000,34.5000,35.0800,34.7700,975838,34098858.0000,3,0.821996,1,0.891577,130.598992,15.651224,-645.168474,13.219417,0
2017-03-24,sz.300451,35.0500,35.3800,34.7100,35.2000,35.0800,961528,33828795.0000,3,0.809942,1,0.342072,131.045739,15.704763,-647.375436,13.264637,0
2017-03-27,sz.300451,35.4900,35.4900,34.6800,34.6800,35.2000,1565343,55030880.0000,3,1.318565,1,-1.477274,129.109836,15.472761,-637.811935,13.068682,0
2017-03-28,sz.300451,35.3000,37.0900,34.9000,35.8400,34.6800,3947483,142604467.0000,3,3.325158,1,3.344867,138.203561,15.870548,463.008081,12.012248,0
2017-03-29,sz.300451,35.8800,36.7800,35.3000,36.4500,35.8400,3915788,142145809.0000,3,3.298460,1,1.702011,140.555798,16.140666,470.888520,12.216698,0
2017-03-30,sz.300451,36.4500,36.4500,34.2700,34.3500,36.4500,3818929,134605302.0000,3,3.216871,1,-5.761323,132.457933,15.210751,443.759140,11.512855,0
2017-03-31,sz.300451,34.3900,34.4300,33.1800,33.7500,34.3500,2771560,93476802.0000,3,2.334620,1,-1.746720,130.144257,14.945061,436.007889,11.311757,0
2017-04-05,sz.300451,33.8000,34.7600,33.4300,34.5800,33.7500,1732601,59293201.0000,3,1.459454,1,2.459265,133.344842,15.312599,446.730453,11.589942,0
2017-04-06,sz.300451,34.7000,35.0000,34.0600,34.1500,34.5800,1463974,50130250.0000,3,1.233177,1,-1.243494,131.686708,15.122188,441.175390,11.445822,0
2017-04-07,sz.300451,34.1400,34.5000,34.0100,34.1300,34.1500,834047,28554021.0000,3,0.702559,1,-0.058566,131.609585,15.113331,440.917015,11.439119,0
2017-04-10,sz.300451,34.2300,34.4400,32.6600,32.8000,34.1300,2139496,71478862.0000,3,1.802202,1,-3.896870,126.480938,14.524385,423.735074,10.993352,0
2017-04-11,sz.300451,32.8000,33.5000,32.5300,33.2500,32.8000,1117557,36858620.0000,3,0.941373,1,1.371953,128.216194,14.723653,429.548513,11.144175,0
2017-04-12,sz.300451,33.3300,33.4000,32.7000,32.7100,33.2500,949036,31235501.0000,3,0.799419,1,-1.624063,126.133886,14.484532,422.572387,10.963187,0
2017-04-13,sz.300451,32.7200,33.4900,32.5000,32.6400,32.7100,1324703,43593670.0000,3,1.115862,1,-0.214001,125.863957,14.453535,421.668074,10.939726,0
2017-04-14,sz.300451,32.9000,32.9000,32.1600,32.1800,32.6400,990111,32107327.0000,3,0.834019,1,-1.409311,124.090139,14.249839,415.725448,10.785551,0
2017-04-17,sz.300451,32.1800,32.4000,31.7600,31.9600,32.1800,834762,26777760.0000,3,0.703161,1,-0.683658,123.241792,14.152419,412.883322,10.711815,0
2017-04-18,sz.300451,31.9000,32.2000,31.0900,31.1000,31.9600,864664,27375547.0000,3,0.728349,1,-2.690860,119.925523,13.771597,401.773195,10.423575,0
2017-04-19,sz.300451,31.0400,31.1500,29.8000,30.2600,31.1000,1376323,41493701.0000,3,1.159344,1,-2.700965,116.686377,13.399631,390.921443,10.142038,0
2017-04-20,sz.300451,30.4900,30.4900,29.3600,29.5800,30.2600,1148033,34121870.0000,3,0.967044,1,-2.247192,114.064211,13.098516,382.136692,9.914127,0
2017-04-21,sz.300451,29.5800,30.0900,29.5800,29.9200,29.5800,1029879,30722204.0000,3,0.867517,1,1.149426,115.375294,13.249073,386.529068,10.028082,0
2017-04-24,sz.300451,29.8100,29.9900,28.5000,28.5200,29.9200,1069409,30916333.0000,3,0.900815,1,-4.679143,109.976718,12.629130,368.442815,9.558854,0
2017-04-25,sz.300451,28.1500,29.8500,28.1500,29.3500,28.5200,1220483,35751038.0000,3,1.028072,1,2.910238,113.177302,12.996668,379.165379,9.837039,0
2017-04-26,sz.300451,29.7900,29.8000,29.0100,29.5200,29.3500,693271,20486709.0000,3,0.583976,1,0.579217,113.832844,13.071947,381.361567,9.894017,0
2017-04-27,sz.300451,29.7000,30.1300,29.1200,29.9500,29.5200,947197,28088356.0000,3,0.797870,1,1.456641,87.685712,10.306965,260.259641,3.657016,0
2017-04-28,sz.300451,29.9600,30.1900,29.7100,30.0100,29.8500,619050,18508982.0000,3,0.521456,1,0.536013,87.861376,10.327613,260.781030,3.664342,0
2017-05-02,sz.300451,29.8100,31.9700,29.8100,31.4700,30.0100,1872169,58540025.0000,3,1.577019,1,4.865042,92.135871,10.830056,273.468144,3.842614,0
2017-05-03,sz.300451,31.2000,31.4800,30.6900,30.8200,31.4700,948855,29425592.0000,3,0.799267,1,-2.065458,90.232843,10.606365,267.819771,3.763247,0
2017-05-04,sz.300451,30.7000,31.0700,30.3500,30.5900,30.8200,870017,26756408.0000,3,0.732858,1,-0.746267,89.559463,10.527214,265.821116,3.735163,0
2017-05-05,sz.300451,32.0000,33.3600,31.5800,31.6500,30.5900,2818990,91094976.0000,3,2.374573,1,3.465183,92.662864,10.892001,275.032309,3.864593,0
2017-05-08,sz.300451,31.6200,31.8900,30.6800,30.8800,31.6500,1553906,48843640.0000,3,1.308931,1,-2.432861,90.408507,10.627014,268.341159,3.770573,0
2017-05-09,sz.300451,30.8100,31.5000,30.4000,31.2000,30.8800,1009915,31421404.0000,3,0.792365,1,1.036275,91.345383,10.737138,271.121897,3.809646,0
2017-05-10,sz.300451,31.3200,31.6500,30.1400,30.3100,31.2000,1169601,36167968.0000,3,0.917653,1,-2.852568,88.739697,10.430855,263.387971,3.700973,0
2017-05-11,sz.300451,30.0500,30.2600,28.5900,29.6200,30.3100,1180865,34619959.0000,3,0.926491,1,-2.276472,86.719559,10.193399,257.392006,3.616722,0
2017-05-12,sz.300451,29.6100,29.7400,28.8800,29.1500,29.6200,863832,25170902.0000,3,0.677751,1,-1.586770,85.343522,10.031653,253.307798,3.559333,0
2017-05-15,sz.300451,29.1100,31.5000,29.1100,30.3700,29.1500,1398714,42456307.0000,3,1.097412,1,4.185253,88.915361,10.451503,263.909359,3.708300,0
2017-05-16,sz.300451,30.3300,30.8700,29.6100,30.7600,30.3700,1238310,37334275.0000,3,0.971561,1,1.284160,90.057178,10.585717,267.298383,3.755920,0
2017-05-17,sz.300451,30.7000,31.2000,30.5400,30.5600,30.7600,1114687,34329573.0000,3,0.938955,1,-0.650198,89.471631,10.516889,265.560422,3.731499,0
2017-05-18,sz.300451,30.4900,31.5700,29.9800,30.9300,30.5600,1489794,46356650.0000,3,1.254926,1,1.210736,90.554894,10.644221,268.775650,3.776678,0
2017-05-19,sz.300451,30.9600,31.7000,30.7000,31.4000,30.9300,1230277,38413867.0000,3,1.033549,1,1.519558,91.930930,10.805966,272.859858,3.834067,0
2017-05-22,sz.300451,31.4900,31.4900,30.6400,30.7000,31.4000,1091776,33755074.0000,3,0.917195,1,-2.229296,89.881514,10.565069,266.776995,3.748594,0
2017-05-23,sz.300451,30.4000,30.7500,29.2400,29.2600,30.7000,1116852,33134375.0000,3,0.938261,1,-4.690556,85.665574,10.069509,254.263676,3.572764,0
2017-05-24,sz.300451,29.1700,29.6800,28.7000,29.4000,29.2600,1130613,32993323.0000,3,0.949822,1,0.478467,86.075457,10.117688,255.480249,3.589859,0
2017-05-25,sz.300451,29.5000,29.6700,28.7100,29.3600,29.4000,881924,25723817.0000,3,0.740899,1,-0.136051,85.958347,10.103922,255.132657,3.584975,0
2017-05-26,sz.300451,29.3000,29.6200,29.1700,29.3700,29.3600,552624,16234582.0000,3,0.464256,1,0.034061,85.987625,10.107364,255.219555,3.586196,0
2017-05-31,sz.300451,29.7900,29.9900,29.2000,29.3300,29.3700,758133,22531978.0000,3,0.636903,1,-0.136196,85.870515,10.093598,254.871963,3.581312,0
2017-06-01,sz.300451,29.0700,29.2900,27.9000,28.0200,29.3300,1296400,36805792.0000,3,1.089098,1,-4.466415,82.035180,9.642776,243.488319,3.421355,0
2017-06-02,sz.300451,27.8300,28.7000,27.6000,28.4000,28.0200,788746,22130542.0000,3,0.662621,1,1.356171,83.147720,9.773549,246.790445,3.467755,0
2017-06-05,sz.300451,28.6500,28.8600,28.3000,28.5300,28.4000,778203,22251230.0000,3,0.653764,1,0.457750,83.528326,9.818287,247.920119,3.483628,0
2017-06-06,sz.300451,28.5300,28.7400,28.3000,28.6700,28.5300,781232,22362971.0000,3,0.656309,1,0.490709,83.938209,9.866467,249.136692,3.500723,0
2017-06-07,sz.300451,28.5700,29.5200,28.5700,29.4100,28.6700,1256964,36739766.0000,3,1.055968,1,2.581095,86.104734,10.121129,255.567147,3.591080,0
2017-06-08,sz.300451,29.5000,30.7300,29.3100,30.3100,29.4100,1967836,59589663.0000,3,1.653168,1,3.060182,88.739697,10.430855,263.387971,3.700973,0
2017-06-09,sz.300451,30.1600,31.3700,30.0500,31.3500,30.3100,2158568,66381149.0000,3,1.813401,1,3.431214,91.784543,10.788759,272.425368,3.827962,0
2017-06-12,sz.300451,30.9200,31.8500,30.3800,30.7000,31.3500,1873949,58495119.0000,3,1.574294,1,-2.073364,89.881514,10.565069,266.776995,3.748594,0
2017-06-13,sz.300451,30.4800,32.4400,30.4800,32.4400,30.7000,2521620,80004239.0000,3,2.118399,1,5.667745,94.975776,11.163871,281.897254,3.961055,0
2017-06-14,sz.300451,32.0000,32.5500,31.7300,31.9100,32.4400,1121461,35917664.0000,3,0.942133,1,-1.633782,93.424076,10.981477,277.291658,3.896340,0
2017-06-15,sz.300451,31.7500,32.4500,31.5500,32.0500,31.9100,1141171,36663760.0000,3,0.958691,1,0.438732,93.833959,11.029657,278.508231,3.913435,0
2017-06-16,sz.300451,32.0100,32.7500,31.2800,31.3600,32.0500,1080192,34136186.0000,3,0.907463,1,-2.152882,91.813820,10.792201,272.512266,3.829183,0
2017-06-19,sz.300451,31.9900,31.9900,31.1000,31.6400,31.3600,689870,21679522.0000,3,0.579556,1,0.892853,92.633587,10.888560,274.945411,3.863372,0
2017-06-20,sz.300451,31.6600,31.9700,31.5000,31.6100,31.6400,1011666,32133268.0000,3,0.849895,1,-0.094813,92.545755,10.878235,274.684717,3.859709,0
2017-06-21,sz.300451,31.5800,32.4200,31.5200,32.4000,31.6100,1922062,61797737.0000,3,1.614713,1,2.499212,94.858667,11.150105,281.549662,3.956171,0
2017-06-22,sz.300451,32.3000,32.3800,30.5500,30.5800,32.4000,1525537,47988719.0000,3,1.281595,1,-5.617289,89.530186,10.523772,265.734218,3.733942,0
2017-06-23,sz.300451,31.1900,31.2000,30.5000,30.9100,30.5800,671055,20649919.0000,3,0.563749,1,1.079136,90.496339,10.637338,268.601854,3.774236,0
2017-06-26,sz.300451,30.9800,31.4900,30.6500,31.3800,30.9100,773427,24140508.0000,3,0.649752,1,1.520541,91.872375,10.799083,272.686062,3.831625,0
2017-06-27,sz.300451,31.4500,31.5800,30.8800,31.1800,31.3800,595710,18571908.0000,3,0.500453,1,-0.637345,91.286828,10.730256,270.948101,3.807204,0
2017-06-28,sz.300451,31.1700,31.2700,30.8400,30.9500,31.1800,536157,16635362.0000,3,0.450422,1,-0.737651,90.613448,10.651104,268.949446,3.779120,0
2017-06-29,sz.300451,30.8300,31.2500,30.8100,30.9400,30.9500,546685,16979860.0000,3,0.459267,1,-0.032311,90.584171,10.647662,268.862548,3.777899,0
2017-06-30,sz.300451,30.6400,30.9000,30.1000,30.3800,30.9400,832618,25294039.0000,3,0.651632,1,-1.809959,88.944639,10.454944,263.996257,3.709521,0
2017-07-03,sz.300451,30.6400,30.7000,30.0000,30.6900,30.3800,999196,30349567.0000,3,0.782001,1,1.020413,89.852237,10.561627,266.690097,3.747373,0
2017-07-04,sz.300451,30.6200,30.8800,30.4600,30.8500,30.6900,886634,27214291.0000,3,0.693906,1,0.521342,90.320675,10.616690,268.080465,3.766910,0
2017-07-05,sz.300451,30.7400,31.7800,30.7400,31.7800,30.8500,1512164,47763531.0000,3,1.183465,1,3.014588,93.043470,10.936739,276.161983,3.880466,0
2017-07-06,sz.300451,31.7800,31.9900,31.3400,31.5400,31.7800,1068850,33830558.0000,3,0.836514,1,-0.755191,92.340813,10.854146,274.076430,3.851161,0
2017-07-07,sz.300451,31.9000,31.9900,31.4100,31.5800,31.5400,1189661,37767232.0000,3,0.931064,1,0.126820,92.457922,10.867911,274.424023,3.856046,0
2017-07-10,sz.300451,31.7800,31.7900,30.7000,30.9000,31.5800,1457939,45109734.0000,3,1.141027,1,-2.153263,90.467062,10.633897,268.514956,3.773015,0
2017-07-11,sz.300451,30.7500,31.3000,30.6500,30.9900,30.9000,1221700,37795691.0000,3,0.956139,1,0.291263,90.730558,10.664869,269.297038,3.784004,0
2017-07-12,sz.300451,30.7900,31.0600,30.0500,30.6900,30.9900,1029421,31349545.0000,3,0.805656,1,-0.968052,89.852237,10.561627,266.690097,3.747373,0
2017-07-13,sz.300451,30.6900,30.7100,30.1800,30.3400,30.6900,941469,28578006.0000,3,0.736822,1,-1.140438,88.827529,10.441179,263.648665,3.704637,0
2017-07-14,sz.300451,30.4500,30.7500,30.2200,30.7100,30.3400,988791,30204009.0000,3,0.773857,1,1.219509,89.910792,10.568510,266.863893,3.749815,0
2017-07-17,sz.300451,30.2900,30.2900,27.6400,27.8500,30.7100,2405571,68299432.0000,3,1.882672,1,-9.312923,81.537465,9.584273,242.011052,3.400598,0
2017-07-18,sz.300451,27.8700,28.2000,27.3100,27.9600,27.8500,905836,25160303.0000,3,0.708934,1,0.394968,81.859516,9.622128,242.966931,3.414029,0
2017-07-19,sz.300451,28.0500,28.0500,27.2800,27.4100,27.9600,1639735,44994905.0000,3,1.283306,1,-1.967093,80.249261,9.432851,238.187538,3.346872,0
2017-07-20,sz.300451,27.4100,27.7700,27.4100,27.5400,27.4100,919018,25371208.0000,3,0.719251,1,0.474283,80.629867,9.477589,239.317213,3.362745,0
2017-07-21,sz.300451,27.4800,27.6800,27.3400,27.3500,27.5400,723900,19884887.0000,3,0.566546,1,-0.689908,80.073597,9.412203,237.666150,3.339546,0
2017-07-24,sz.300451,27.2600,27.5400,26.9000,27.5300,27.3500,988937,26929161.0000,3,0.773972,1,0.658136,80.600589,9.474148,239.230315,3.361524,0
2017-07-25,sz.300451,27.5000,27.6100,27.3000,27.4600,27.5300,609887,16752140.0000,3,0.477316,1,-0.254274,80.395648,9.450058,238.622028,3.352977,0
2017-07-26,sz.300451,27.6000,27.7700,27.3100,27.3300,27.4600,496500,13644711.0000,3,0.388576,1,-0.473413,80.015042,9.405320,237.492354,3.337103,0
2017-07-27,sz.300451,27.3600,29.4800,27.0100,29.0900,27.3300,2266254,64638503.0000,3,1.773638,1,6.439810,85.167858,10.011005,252.786410,3.552007,0
2017-07-28,sz.300451,28.8700,28.9800,28.3600,28.4600,29.0900,1292549,37047057.0000,3,1.011588,1,-2.165696,83.323384,9.794197,247.311833,3.475081,0
2017-07-31,sz.300451,28.3900,28.7700,28.0100,28.5800,28.4600,838971,23899653.0000,3,0.656604,1,0.421647,83.674713,9.835494,248.354609,3.489733,0
2017-08-01,sz.300451,28.5900,28.8800,28.3600,28.6000,28.5800,705345,20150954.0000,3,0.552024,1,0.069981,83.733267,9.842377,248.528405,3.492176,0
2017-08-02,sz.300451,28.8800,28.8800,28.2800,28.3000,28.6000,812900,23243079.0000,3,0.636200,1,-1.048955,82.854946,9.739135,245.921464,3.455544,0
2017-08-03,sz.300451,28.3000,29.3900,28.0800,28.8000,28.3000,1109655,32099529.0000,3,0.868449,1,1.766784,84.318815,9.911205,250.266366,3.516596,0
2017-08-04,sz.300451,28.7300,28.9400,28.5500,28.5500,28.8000,621800,17892952.0000,3,0.486639,1,-0.868056,83.586881,9.825170,248.093915,3.486070,0
2017-08-07,sz.300451,28.5600,29.3400,28.5600,28.7200,28.5500,625200,18110267.0000,3,0.489300,1,0.595447,84.084596,9.883673,249.571182,3.506828,0
2017-08-08,sz.300451,28.5600,29.2000,28.1500,29.2000,28.7200,1089877,31529796.0000,3,0.852970,1,1.671314,85.489909,10.048860,253.742288,3.565438,0
2017-08-09,sz.300451,29.0000,29.5000,28.9000,29.1100,29.2000,827801,24128542.0000,3,0.647862,1,-0.308220,85.226413,10.017888,252.960206,3.554449,0
2017-08-10,sz.300451,28.8000,29.1400,28.6600,28.8000,29.1100,921779,26565889.0000,3,0.721412,1,-1.064931,84.318815,9.911205,250.266366,3.516596,0
2017-08-11,sz.300451,28.5300,28.7000,28.0800,28.1700,28.8000,891114,25234306.0000,3,0.697413,1,-2.187497,69.280442,8.069513,-42.725089,3.660908,0
2017-08-14,sz.300451,28.1700,29.2800,28.1700,29.0000,28.1700,1255480,36267980.0000,3,0.982576,1,2.946397,71.321719,8.307273,-43.983939,3.768773,0
2017-08-15,sz.300451,29.2000,29.6500,28.7500,29.2300,29.0000,1187150,34688384.0000,3,0.929099,1,0.793102,71.887374,8.373158,-44.332777,3.798663,0
2017-08-16,sz.300451,29.4400,30.1600,28.8300,30.0400,29.2300,2181757,64668642.0000,3,1.707508,1,2.771130,73.879464,8.605189,-45.561294,3.903929,0
2017-08-17,sz.300451,30.0000,30.9700,29.5700,30.3200,30.0400,2202038,66485479.0000,3,1.723381,1,0.932087,74.568087,8.685397,-45.985967,3.940317,0
2017-08-18,sz.300451,30.0300,30.2400,29.4100,29.4500,30.3200,1411100,42047193.0000,3,1.104369,1,-2.869390,72.428436,8.436179,-44.666449,3.827254,0
2017-08-21,sz.300451,29.5100,29.9800,29.5100,29.5900,29.4500,984564,29249576.0000,3,0.770549,1,0.475380,72.772747,8.476283,-44.878785,3.845448,0
2017-08-22,sz.300451,29.6200,29.8800,29.1200,29.2500,29.5900,944800,27857237.0000,3,0.739429,1,-1.149037,71.936562,8.378887,-44.363111,3.801262,0
2017-08-23,sz.300451,29.4800,29.7500,29.2900,29.4500,29.2500,783342,23152788.0000,3,0.613067,1,0.683763,72.428436,8.436179,-44.666449,3.827254,0
2017-08-24,sz.300451,29.4500,29.6700,29.0000,29.0600,29.4500,849267,24810285.0000,3,0.664662,1,-1.324283,71.469281,8.324460,-44.074941,3.776570,0
2017-08-25,sz.300451,29.2500,29.6000,29.1000,29.4000,29.0600,615277,18060210.0000,3,0.481534,1,1.169994,72.305467,8.421856,-44.590614,3.820756,0
2017-08-28,sz.300451,29.5800,30.2800,29.5800,29.9700,29.4000,1423041,42780213.0000,3,1.113715,1,1.938774,73.707308,8.585137,-45.455126,3.894832,0
2017-08-29,sz.300451,30.1000,30.1800,29.4300,29.7000,29.9700,1074838,31934485.0000,3,0.841200,1,-0.900896,73.043278,8.507793,-45.045621,3.859743,0
2017-08-30,sz.300451,29.4300,29.9300,29.4300,29.5000,29.7000,837356,24802680.0000,3,0.655340,1,-0.673403,72.551404,8.450502,-44.742283,3.833752,0
2017-08-31,sz.300451,29.7500,29.7700,29.4400,29.6100,29.5000,839907,24846425.0000,3,0.657336,1,0.372883,72.821935,8.482012,-44.909119,3.848047,0
2017-09-01,sz.300451,29.6400,30.6300,29.5000,30.3700,29.6100,2158210,64958078.0000,3,1.689080,1,2.566701,74.691056,8.699720,-46.061801,3.946815,0
2017-09-04,sz.300451,30.2900,31.5700,30.2400,30.9100,30.3700,2725647,84456146.0000,3,2.133173,1,1.778067,76.019115,8.854407,-46.880813,4.016992,0
2017-09-05,sz.300451,30.9900,31.2700,30.3200,30.6900,30.9100,1573195,48180301.0000,3,1.231230,1,-0.711742,75.478054,8.791386,-46.547141,3.988402,0
2017-09-06,sz.300451,30.2600,31.7700,30.2600,31.6000,30.6900,2755506,85766748.0000,3,2.156542,1,2.965135,77.716080,9.052063,-47.927327,4.106663,0
2017-09-07,sz.300451,31.4400,32.9900,31.4400,32.3000,31.6000,5728691,184505595.0000,3,4.483445,1,2.215186,79.437639,9.252583,-48.989008,4.197633,0
2017-09-08,sz.300451,32.1300,32.2900,31.5100,32.0100,32.3000,2825716,90157601.0000,3,2.211490,1,-0.897836,78.724422,9.169511,-48.549169,4.159946,0
2017-09-11,sz.300451,32.2200,32.2200,31.3300,31.6000,32.0100,2119253,67054378.0000,3,1.658591,1,-1.280843,77.716080,9.052063,-47.927327,4.106663,0
2017-09-12,sz.300451,31.5900,31.7900,31.0100,31.1600,31.6000,1849475,57865726.0700,3,1.447455,1,-1.392407,76.633958,8.926022,-47.259984,4.049482,0
2017-09-13,sz.300451,31.1700,31.4000,30.7100,31.0300,31.1600,1187128,36711425.8400,3,0.929082,1,-0.417199,76.314240,8.888782,-47.062815,4.032587,0
2017-09-14,sz.300451,30.9500,31.1600,30.4600,30.6900,31.0300,1312153,40322236.4300,3,1.026930,1,-1.095714,75.478054,8.791386,-46.547141,3.988402,0
2017-09-15,sz.300451,30.7800,30.8800,29.9500,30.1000,30.6900,1591175,48174184.2200,3,1.245301,1,-1.922451,74.027026,8.622376,-45.652296,3.911726,0
2017-09-18,sz.300451,30.1000,30.4600,29.8800,30.3700,30.1000,1106015,33380379.0100,3,0.865601,1,0.897011,74.691056,8.699720,-46.061801,3.946815,0
2017-09-19,sz.300451,30.5000,30.5300,29.7100,29.7600,30.3700,1294475,38901221.8000,3,1.013095,1,-2.008563,73.190840,8.524981,-45.136622,3.867541,0
2017-09-20,sz.300451,29.7700,30.1000,29.7200,29.8700,29.7600,1442188,43109554.9000,3,1.128700,1,0.369626,73.461371,8.556491,-45.303458,3.881836,0
2017-09-21,sz.300451,30.1000,30.4800,29.4500,29.4600,29.8700,1848968,55425342.1400,3,1.447058,1,-1.372620,72.453029,8.439043,-44.681616,3.828554,0
2017-09-22,sz.300451,29.1900,29.4500,28.7400,29.1200,29.4600,1380100,40029923.0000,3,1.080108,1,-1.154101,71.616844,8.341648,-44.165942,3.784368,0
2017-09-25,sz.300451,29.0000,29.3400,28.9100,29.1200,29.1200,906407,26404862.9900,3,0.709381,1,0.000000,71.616844,8.341648,-44.165942,3.784368,0
2017-09-26,sz.300451,28.9000,29.2100,28.4100,28.7000,29.1200,1202727,34495857.3300,3,0.941290,1,-1.442308,70.583908,8.221336,-43.528933,3.729786,0
2017-09-27,sz.300451,28.7000,28.7000,28.7000,28.7000,28.7000,0,0.0000,3,,0,0.000000,70.583908,8.221336,-43.528933,3.729786,0
2017-09-28,sz.300451,28.7000,28.7000,28.7000,28.7000,28.7000,0,0.0000,3,,0,0.000000,70.583908,8.221336,-43.528933,3.729786,0
2017-09-29,sz.300451,28.7000,28.7000,28.7000,28.7000,28.7000,0,0.0000,3,,0,0.000000,70.583908,8.221336,-43.528933,3.729786,0
2017-10-09,sz.300451,29.0900,29.9700,29.0900,29.6500,28.7000,1707193,50473584.8300,3,1.336100,1,3.310100,72.920310,8.493470,-44.969786,3.853246,0
2017-10-10,sz.300451,29.5000,30.5000,29.5000,30.5000,29.6500,2198315,66247001.9200,3,1.720467,1,2.866780,75.010774,8.736959,-46.258971,3.963710,0
2017-10-11,sz.300451,31.5000,31.9000,30.0800,30.2500,30.5000,3288008,101658459.6400,3,2.573294,1,-0.819672,74.395931,8.665345,-45.879799,3.931220,0
2017-10-12,sz.300451,29.9500,30.1000,29.5000,29.7400,30.2500,1490480,44385829.0800,3,1.166494,1,-1.685951,73.141653,8.519252,-45.106288,3.864942,0
2017-10-13,sz.300451,29.8200,30.1400,29.6000,29.8700,29.7400,1892038,56525685.0200,3,1.480766,1,0.437125,73.461371,8.556491,-45.303458,3.881836,0
2017-10-16,sz.300451,29.9900,30.0000,28.2000,28.2900,29.8700,3028463,87517791.8000,3,2.370166,1,-5.289588,69.575567,8.103888,-42.907091,3.676503,0
2017-10-17,sz.300451,28.3000,28.4700,28.2000,28.3700,28.2900,1290342,36547226.1700,3,1.009860,1,0.282785,69.772316,8.126805,-43.028426,3.686900,0
2017-10-18,sz.300451,28.5900,28.5900,27.8800,27.8900,28.3700,973700,27452284.0000,3,0.762047,1,-1.691933,68.591819,7.989305,-42.300416,3.624520,0
2017-10-19,sz.300451,27.9100,29.7100,27.8600,28.6500,27.8900,2769985,79701105.2500,3,2.167873,1,2.724992,70.460940,8.207013,-43.453099,3.723288,0
2017-10-20,sz.300451,28.2300,28.6800,28.1900,28.5900,28.6500,958800,27236077.5000,3,0.750386,1,-0.209422,70.313378,8.189825,-43.362097,3.715490,0
2017-10-23,sz.300451,28.5900,28.8000,28.3700,28.4600,28.5900,1021594,29078108.6600,3,0.799530,1,-0.454708,69.993660,8.152586,-43.164928,3.698596,0
2017-10-24,sz.300451,28.4600,28.7000,27.9600,28.1600,28.4600,944800,26697465.0000,3,0.739429,1,-1.054108,69.255849,8.066648,-42.709922,3.659609,0
2017-10-25,sz.300451,28.1600,28.5800,28.1600,28.4600,28.1600,830094,23600676.5600,3,0.649656,1,1.065338,69.993660,8.152586,-43.164928,3.698596,0
2017-10-26,sz.300451,28.4700,28.6800,28.2000,28.5700,28.4600,1088190,30937979.5000,3,0.851650,1,0.386510,63.129531,7.059081,-637.033079,3.633399,0
2017-10-27,sz.300451,28.5900,28.7200,28.2100,28.3200,28.5700,773250,21978376.0000,3,0.605169,1,-0.875044,62.577120,6.997311,-631.458761,3.601605,0
2017-10-30,sz.300451,28.5200,28.5200,27.0000,27.1500,28.3200,1528401,41766768.9500,3,1.196172,1,-4.131356,59.991837,6.708227,-605.370952,3.452810,0
2017-10-31,sz.300451,27.1400,27.3400,27.0500,27.2200,27.1500,834450,22683031.9600,3,0.653066,1,0.257826,60.146512,6.725523,-606.931761,3.461712,0
2017-11-01,sz.300451,27.2800,27.4000,27.0000,27.1800,27.2200,874238,23830556.8400,3,0.684205,1,-0.146947,60.058126,6.715639,-606.039870,3.456625,0
2017-11-02,sz.300451,27.0700,27.2800,27.0100,27.0200,27.1800,776048,21053104.9800,3,0.607358,1,-0.588668,59.704583,6.676106,-602.472307,3.436277,0
2017-11-03,sz.300451,26.9000,27.1800,26.5000,26.9000,27.0200,863100,23157403.1000,3,0.675488,1,-0.444119,59.439426,6.646457,-599.796634,3.421016,0
2017-11-06,sz.300451,26.9000,28.3100,26.6000,27.7000,26.9000,1477258,40474524.5600,3,1.156146,1,2.973982,61.207141,6.844121,-617.634452,3.522756,0
2017-11-07,sz.300451,28.0500,28.9800,27.9000,28.3200,27.7000,2835710,80648255.5400,3,2.219312,1,2.238263,62.577120,6.997311,-631.458761,3.601605,0
2017-11-08,sz.300451,28.0200,28.2000,27.7100,27.7900,28.3200,1869203,52101013.4600,3,1.462894,1,-1.871465,61.406009,6.866358,-619.641207,3.534202,0
2017-11-09,sz.300451,27.6600,27.9400,27.5400,27.8300,27.7900,1046809,29070426.1300,3,0.819264,1,0.143933,61.494395,6.876241,-620.533098,3.539289,0
2017-11-10,sz.300451,27.9000,28.0500,27.1100,27.4500,27.8300,1100000,30286164.9100,3,0.860893,1,-1.365430,60.654730,6.782351,-612.060134,3.490962,0
2017-11-13,sz.300451,27.3800,27.7100,27.2500,27.6000,27.4500,1137062,31314134.5900,3,0.889899,1,0.546447,60.986176,6.819413,-615.404725,3.510039,0
2017-11-14,sz.300451,27.5900,27.8000,26.9300,27.1300,27.6000,1316052,36065639.7100,3,1.029982,1,-1.702903,59.947644,6.703285,-604.925007,3.450266,0
2017-11-15,sz.300451,27.0100,27.3500,26.8000,27.1700,27.1300,974658,26389491.8000,3,0.762797,1,0.147442,60.036030,6.713169,-605.816898,3.455353,0
2017-11-16,sz.300451,27.0000,27.1400,26.8000,26.9000,27.1700,881570,23772584.0000,3,0.689943,1,-0.993745,59.439426,6.646457,-599.796634,3.421016,0
2017-11-17,sz.300451,27.0000,27.0300,25.2600,25.7100,26.9000,2023254,52375135.6000,3,1.583459,1,-4.423794,56.809949,6.352431,-573.262880,3.269677,0
2017-11-20,sz.300451,25.9000,25.9000,25.1100,25.7200,25.7100,881450,22440106.0000,3,0.689849,1,0.038896,56.832046,6.354902,-573.485852,3.270949,0
2017-11-21,sz.300451,25.7500,25.9400,25.3600,25.7200,25.7200,741732,19000529.8600,3,0.580502,1,0.000000,56.832046,6.354902,-573.485852,3.270949,0
2017-11-22,sz.300451,25.6600,25.8200,25.4000,25.4700,25.7200,732300,18735653.0000,3,0.573120,1,-0.972006,56.279635,6.293132,-567.911534,3.239155,0
2017-11-23,sz.300451,25.5100,25.5100,25.0000,25.0200,25.4700,865450,21842784.5000,3,0.677327,1,-1.766780,55.285295,6.181946,-557.877761,3.181926,0
2017-11-24,sz.300451,25.0300,25.4900,24.8000,25.1600,25.0200,829358,20971787.5600,3,0.649080,1,0.559550,55.594645,6.216537,-560.999380,3.199731,0
2017-11-27,sz.300451,25.4500,25.4500,24.1000,24.1400,25.1600,904700,22351407.0000,3,0.708045,1,-4.054056,53.340808,5.964516,-538.256162,3.070012,0
2017-11-28,sz.300451,24.1300,24.5700,24.0400,24.3600,24.1400,866931,21043955.5600,3,0.678486,1,0.911356,53.826930,6.018873,-543.161561,3.097991,0
2017-11-29,sz.300451,24.3700,24.3700,23.5600,23.8600,24.3600,963527,23020228.0200,3,0.754085,1,-2.052545,52.722108,5.895333,-532.012925,3.034403,0
2017-11-30,sz.300451,24.0700,25.4900,23.9100,24.3500,23.8600,2069828,51111935.6500,3,1.619909,1,2.053645,53.804833,6.016402,-542.938589,3.096719,0
2017-12-01,sz.300451,24.0300,24.7900,24.0300,24.5300,24.3500,1137445,27875849.9500,3,0.890199,1,0.739221,54.202569,6.060877,-546.952098,3.119611,0
2017-12-04,sz.300451,24.6300,24.6300,24.0000,24.0200,24.5300,751054,18153608.8400,3,0.587797,1,-2.079088,53.075651,5.934866,-535.580489,3.054751,0
2017-12-05,sz.300451,24.0200,24.0600,22.9900,23.0600,24.0200,1066427,24944902.9700,3,0.834618,1,-3.996674,50.954392,5.697669,-514.175107,2.932663,0
2017-12-06,sz.300451,22.9900,23.4000,22.7300,23.3600,23.0600,781213,18071328.5000,3,0.611401,1,1.300959,51.617286,5.771793,-520.864289,2.970815,0
2017-12-07,sz.300451,23.3600,23.3600,23.0200,23.2200,23.3600,495501,11479171.6900,3,0.387794,1,-0.599321,51.307935,5.737202,-517.742671,2.953011,0
2017-12-08,sz.300451,23.1500,23.7600,23.1500,23.6200,23.2200,888949,20936629.2300,3,0.695718,1,1.722660,52.191793,5.836034,-526.661580,3.003881,0
2017-12-11,sz.300451,24.5000,24.9400,24.3400,24.7200,23.6200,2198487,54255224.9900,3,1.720602,1,4.657063,54.622402,6.107822,-551.188580,3.143774,0
2017-12-12,sz.300451,24.6000,24.6000,23.9100,23.9200,24.7200,1532821,37048942.4000,3,1.199632,1,-3.236243,52.854686,5.910158,-533.350762,3.042034,0
2017-12-13,sz.300451,24.0500,24.2800,23.9000,24.1600,23.9200,808083,19492076.3000,3,0.632430,1,1.003343,53.385001,5.969457,-538.702107,3.072556,0
2017-12-14,sz.300451,24.3000,24.3000,23.8000,24.0000,24.1600,839150,20197596.0000,3,0.656744,1,-0.662251,53.031458,5.929924,-535.134543,3.052208,0
2017-12-15,sz.300451,24.0000,24.1700,23.6000,23.7600,24.0000,655853,15632739.4000,3,0.513290,1,-0.999999,52.501143,5.870625,-529.783198,3.021686,0
2017-12-18,sz.300451,23.7100,24.0600,23.5000,23.7300,23.7600,917913,21839008.1000,3,0.718386,1,-0.126266,52.434854,5.863213,-529.114280,3.017870,0
2017-12-19,sz.300451,23.6800,23.9800,23.4500,23.5700,23.7300,1823470,43253267.1000,3,1.427102,1,-0.674251,52.081311,5.823680,-525.546716,2.997522,0
2017-12-20,sz.300451,23.5800,23.5800,22.2300,22.3800,23.5700,2494495,56454095.3000,3,1.952267,1,-5.048793,49.451834,5.529654,-499.012962,2.846184,0
2017-12-21,sz.300451,22.2200,22.3900,21.6200,22.0000,22.3800,1424000,31358157.0000,3,1.114465,1,-1.697941,48.612170,5.435764,-490.539998,2.797857,0
2017-12-22,sz.300451,22.0000,22.0900,21.5000,21.5000,22.0000,1609149,34983689.1600,3,1.259940,1,-2.272727,47.507348,5.312224,-479.391362,2.734269,0
2017-12-25,sz.300451,21.6000,21.6400,20.4200,20.4700,21.5000,1841049,38516719.1600,3,1.441514,1,-4.790701,45.231414,5.057731,-456.425171,2.603279,0
2017-12-26,sz.300451,20.5000,21.0000,20.4200,20.8800,20.4700,1456995,30330514.5000,3,1.140806,1,2.002930,46.137368,5.159034,-465.567053,2.655421,0
2017-12-27,sz.300451,20.9800,21.1900,20.6200,20.9900,20.8800,1346044,28145376.9800,3,1.053933,1,0.526823,46.380429,5.186213,-468.019753,2.669410,0
2017-12-28,sz.300451,20.8000,21.5600,20.5200,21.2000,20.9900,1960521,41735175.1100,3,1.519195,1,1.000481,46.844454,5.238100,-472.702180,2.696117,0
2017-12-29,sz.300451,21.3800,21.6800,20.8400,21.6200,21.2000,1278222,27287514.9500,3,0.990486,1,1.981132,47.772505,5.341874,-482.067034,2.749530,0
2018-01-02,sz.300451,23.1400,23.7800,23.1400,23.7800,21.6200,2327158,55196951.1400,3,1.803299,1,9.990748,52.545336,5.875567,-530.229143,3.024229,0
2018-01-03,sz.300451,23.8000,24.8800,23.7900,23.9400,23.7800,6768964,164416755.2200,3,5.245226,1,0.672834,52.898879,5.915100,-533.796707,3.044577,0
2018-01-04,sz.300451,24.4500,24.4500,23.3300,23.5600,23.9400,3515599,83082614.0600,3,2.724214,1,-1.587306,52.059214,5.821209,-525.323743,2.996250,0
2018-01-05,sz.300451,23.4400,23.9500,23.4400,23.6000,23.5600,2030911,48106090.5100,3,1.573740,1,0.169783,52.147600,5.831092,-526.215634,3.001337,0
2018-01-08,sz.300451,23.6100,23.7500,23.3000,23.6000,23.6000,1758000,41304468.5000,3,1.362263,1,0.000000,52.147600,5.831092,-526.215634,3.001337,0
2018-01-09,sz.300451,23.7800,23.7900,23.3400,23.6000,23.6000,1216229,28593794.4200,3,0.942448,1,0.000000,52.147600,5.831092,-526.215634,3.001337,0
2018-01-10,sz.300451,23.6000,24.3800,23.3000,24.2100,23.6000,2429188,57864910.7700,3,1.882362,1,2.584740,53.495483,5.981811,-539.816971,3.078914,0
2018-01-11,sz.300451,24.3000,26.4800,24.1100,25.6300,24.2100,5874961,148382593.8400,3,4.552455,1,5.865345,56.598823,6.328824,-571.132432,3.257526,0
2018-01-12,sz.300451,25.2500,25.9700,25.2500,25.6000,25.6300,2582950,65971817.9700,3,2.001505,1,-0.117046,56.532574,6.321416,-570.463919,3.253713,0
2018-01-15,sz.300451,25.7000,25.7600,23.8100,23.9100,25.6000,2870590,70787616.8700,3,2.224395,1,-6.601564,52.800541,5.904103,-532.804387,3.038917,0
2018-01-16,sz.300451,23.7200,24.6700,23.7200,24.5700,23.9100,1985790,48472136.1000,3,1.538771,1,2.760351,54.258021,6.067077,-547.511660,3.122802,0
2018-01-17,sz.300451,24.5600,24.5600,23.8500,24.2100,24.5700,1668440,40303823.8000,3,1.292859,1,-1.465204,53.463032,5.978183,-539.489511,3.077047,0
2018-01-18,sz.300451,24.1800,24.7000,23.8100,24.4500,24.2100,2069400,50032488.0000,3,1.603560,1,0.991333,53.993025,6.037446,-544.837610,3.107550,0
2018-01-19,sz.300451,24.3800,25.4500,24.2200,25.2100,24.4500,2252383,56602735.6600,3,1.745352,1,3.108377,55.671336,6.225113,-561.773258,3.204145,0
2018-01-22,sz.300451,25.4700,26.4500,25.2200,26.1800,25.2100,3875744,100673650.9500,3,3.003280,1,3.847684,57.813390,6.464635,-583.388492,3.327430,0
2018-01-23,sz.300451,26.0100,26.3300,25.7100,26.0500,26.1800,2149750,55815117.5400,3,1.665822,1,-0.496566,57.526311,6.432534,-580.491605,3.310907,0
2018-01-24,sz.300451,25.9200,26.1800,25.4000,25.9500,26.0500,2260171,58195351.1500,3,1.751387,1,-0.383871,57.305480,6.407841,-578.263231,3.298198,0
2018-01-25,sz.300451,25.7700,26.2600,25.4800,25.5000,25.9500,2054540,52982656.2000,3,1.592045,1,-1.734107,56.311744,6.296723,-568.235544,3.241003,0
2018-01-26,sz.300451,25.2800,26.4900,25.1500,26.1900,25.5000,2726781,70825597.8200,3,2.112958,1,2.705884,57.835473,6.467105,-583.611330,3.328701,0
2018-01-29,sz.300451,26.0000,26.2900,25.4600,25.5500,26.1900,1984523,51155774.7500,3,1.537789,1,-2.443686,56.422159,6.309069,-569.349732,3.247358,0
2018-01-30,sz.300451,25.6800,25.6800,24.9600,24.9700,25.5500,1785100,44831618.5000,3,1.383258,1,-2.270059,55.141343,6.165850,-556.425159,3.173641,0
2018-01-31,sz.300451,24.5000,24.5000,23.0000,23.6300,24.9700,3208100,76087040.2500,3,2.485928,1,-5.366440,52.182216,5.834963,-526.564938,3.003330,0
2018-02-01,sz.300451,23.6300,24.1500,22.8000,23.0100,23.6300,2460880,57596318.9600,3,1.906914,1,-2.623779,50.813068,5.681866,-512.749015,2.924529,0
2018-02-02,sz.300451,23.1100,23.1100,21.5200,22.1300,23.0100,3493820,77460272.1000,3,2.707330,1,-3.824429,48.869760,5.464568,-493.139318,2.812683,0
2018-02-05,sz.300451,22.1500,23.1500,21.8000,22.9000,22.1300,2415168,55072827.9300,3,1.871492,1,3.479442,50.570154,5.654704,-510.297803,2.910548,0
2018-02-06,sz.300451,24.5100,25.1900,24.3800,25.1900,22.9000,10205192,255983139.9300,3,7.907913,1,10.000000,37.466437,5.304795,142.218082,3.001199,0
2018-02-07,sz.300451,26.5000,27.5000,24.5000,26.0000,25.1900,22652908,585306738.9600,3,17.553538,1,3.215559,38.671193,5.475374,146.791192,3.097704,0
2018-02-08,sz.300451,25.4000,28.6000,25.2700,27.9000,26.0000,18954021,515738741.6500,3,14.687303,1,7.307691,41.497165,5.875498,157.518241,3.324075,0
2018-02-09,sz.300451,26.6100,28.3300,26.6000,26.9000,27.9000,15705266,432530764.7100,3,12.169872,1,-3.584229,40.009811,5.664907,151.872426,3.204933,0
2018-02-12,sz.300451,27.5900,29.5900,27.2700,29.5900,26.9000,12203184,348444284.4000,3,9.456139,1,10.000000,44.010792,6.231397,167.059668,3.525426,0
2018-02-13,sz.300451,30.8000,30.8000,28.8000,28.8600,29.5900,15757608,468735401.5500,3,12.210431,1,-2.467048,42.925024,6.077666,162.938223,3.438452,0
2018-02-14,sz.300451,28.7800,30.3500,28.5000,30.0100,28.8600,12727495,374493870.1500,3,9.862423,1,3.984753,44.635481,6.319846,169.430910,3.575466,0
2018-02-22,sz.300451,30.0000,32.6700,29.5200,32.2100,30.0100,15143899,467320854.8100,3,11.734873,1,7.330885,47.907659,6.783147,181.851704,3.837579,0
2018-02-23,sz.300451,31.5200,32.2000,31.2100,32.0300,32.2100,11511487,364999560.2200,3,8.920149,1,-0.558834,47.639935,6.745240,180.835457,3.816133,0
2018-02-26,sz.300451,32.2100,32.9700,31.7000,32.1300,32.0300,15981074,515728907.6500,3,12.383593,1,0.312215,47.788671,6.766299,181.400038,3.828048,0
2018-02-27,sz.300451,31.9700,33.2900,31.6000,31.8300,32.1300,15408486,497358041.9400,3,11.939900,1,-0.933710,47.342465,6.703122,179.706294,3.792305,0
2018-02-28,sz.300451,30.7000,31.1100,29.3100,30.1500,31.8300,15106750,457868739.2800,3,11.706087,1,-5.278040,44.843711,6.349328,170.221325,3.592146,0
2018-03-01,sz.300451,30.3500,31.2800,30.2200,30.8600,30.1500,13105014,402546854.8100,3,10.154959,1,2.354896,45.899732,6.498848,174.229853,3.676737,0
2018-03-02,sz.300451,30.2600,31.2800,29.8000,30.0000,30.8600,10809929,329917415.0100,3,8.376518,1,-2.786781,44.620607,6.317740,169.374452,3.574274,0
2018-03-05,sz.300451,30.2300,32.6800,30.2000,32.4400,30.0000,16195750,510834117.4000,3,12.549943,1,8.133328,48.249750,6.831583,183.150241,3.864982,0
2018-03-06,sz.300451,32.0100,33.5800,31.7900,32.3900,32.4400,15699818,510739382.1500,3,12.165650,1,-0.154128,48.175383,6.821053,182.867950,3.859025,0
2018-03-07,sz.300451,32.4100,35.5000,32.1000,33.9000,32.3900,15919674,540346308.2000,3,12.294804,1,4.661939,50.421286,7.139046,191.393131,4.038930,0
2018-03-08,sz.300451,33.5900,34.3000,33.0000,34.1000,33.9000,11442869,384472771.9800,3,8.837356,1,0.589962,50.718757,7.181164,192.522294,4.062758,0
2018-03-09,sz.300451,33.8500,35.0000,33.6200,34.4200,34.1000,12146946,416631850.1000,3,9.381117,1,0.938415,51.194710,7.248553,194.328955,4.100884,0
2018-03-12,sz.300451,34.6000,35.7700,34.0800,34.2900,34.4200,12197738,423171579.3900,3,9.420343,1,-0.377679,51.001354,7.221177,193.594999,4.085395,0
2018-03-13,sz.300451,33.9100,34.8500,33.3100,33.3800,34.2900,9696202,331202402.1100,3,7.488401,1,-2.653834,49.647863,7.029538,188.457307,3.976976,0
2018-03-14,sz.300451,33.3800,33.7500,32.5000,32.5000,33.3800,8598771,285133134.0700,3,6.640852,1,-2.636312,48.338991,6.844218,183.488990,3.872130,0
2018-03-15,sz.300451,32.2500,33.2200,31.7000,33.0000,32.5000,8877738,288152807.4300,3,6.856299,1,1.538462,49.082668,6.949514,186.311898,3.931702,0
2018-03-16,sz.300451,32.7800,33.2800,32.4100,32.4900,33.0000,5550385,182234440.1600,3,4.286576,1,-1.545449,48.324118,6.842112,183.432532,3.870939,0
2018-03-19,sz.300451,32.6000,33.6400,31.8000,32.7900,32.4900,8188689,269846893.9000,3,6.324145,1,0.923359,48.770324,6.905290,185.126276,3.906682,0
2018-03-20,sz.300451,32.0000,32.2800,30.5100,31.5000,32.7900,10302968,323526530.7700,3,7.957008,1,-3.934129,46.851638,6.633627,177.843175,3.752988,0
2018-03-21,sz.300451,31.6000,31.9800,30.5800,30.7000,31.5000,9893309,310810170.1000,3,7.640627,1,-2.539680,45.661755,6.465154,173.326523,3.657674,0
2018-03-22,sz.300451,30.6100,31.5500,30.4800,30.7800,30.7000,7735899,239476436.2600,3,5.974454,1,0.260586,45.780743,6.482001,173.778188,3.667205,0
2018-03-23,sz.300451,29.5100,29.8700,27.7000,27.9800,30.7800,11443300,331763246.2200,3,8.837689,1,-9.096820,41.616153,5.892345,157.969906,3.333606,0
2018-03-26,sz.300451,28.1000,29.5900,27.9600,29.5900,27.9800,8261630,238948009.0400,3,6.380477,1,5.754112,44.010792,6.231397,167.059668,3.525426,0
2018-03-27,sz.300451,30.2400,31.5800,30.1100,30.7900,29.5900,11065377,340441254.3400,3,8.545818,1,4.055427,45.795617,6.484107,173.834646,3.668397,0
2018-03-28,sz.300451,30.2900,32.9000,30.0100,31.6400,30.7900,10787709,342959103.4600,3,8.325588,1,2.760632,47.059867,6.663110,178.633589,3.769668,0
2018-03-29,sz.300451,31.3300,32.6500,31.3300,31.8800,31.6400,7542595,240681484.5100,3,5.821119,1,0.758533,47.416832,6.713651,179.988585,3.798262,0
2018-03-30,sz.300451,32.4700,33.7700,31.9500,33.4400,31.8800,11326902,373282608.3800,3,8.741719,1,4.893348,49.737104,7.042174,188.796056,3.984124,0
2018-04-02,sz.300451,33.5100,34.7700,33.0800,34.0000,33.4400,12640296,428713376.9700,3,9.755351,1,1.674645,50.570022,7.160105,191.957713,4.050844,0
2018-04-03,sz.300451,33.0800,34.5600,33.0200,33.9800,34.0000,9263219,311932724.5900,3,7.149038,1,-0.058825,50.540275,7.155893,191.844796,4.048461,0
2018-04-04,sz.300451,34.2000,34.2600,32.1300,32.3500,33.9800,8981873,295895020.1700,3,6.931905,1,-4.796943,48.115888,6.812629,182.642118,3.854259,0
2018-04-09,sz.300451,32.5500,34.1100,32.0000,33.7800,32.3500,9651948,320330682.5200,3,7.449046,1,4.420403,50.242804,7.113775,190.715633,4.024633,0
2018-04-10,sz.300451,33.5000,33.7100,32.0200,32.4600,33.7800,8183648,268213978.5200,3,6.315862,1,-3.907637,48.279497,6.835794,183.263157,3.867365,0
2018-04-11,sz.300451,32.7800,35.7100,32.6000,34.6700,32.4600,19098380,664518375.3900,3,14.739482,1,6.808377,51.566549,7.301201,195.740409,4.130670,0
2018-04-12,sz.300451,34.4100,35.5500,33.9100,34.9000,34.6700,16892834,588279743.9100,3,13.037316,1,0.663407,51.908640,7.349637,197.038946,4.158072,0
2018-04-13,sz.300451,36.9900,37.5000,33.8700,33.9300,34.9000,15956251,570126238.6600,3,12.314493,1,-2.779373,50.465907,7.145364,191.562506,4.042504,0
2018-04-16,sz.300451,33.0100,36.2200,33.0100,36.0700,33.9300,15230241,533668744.7500,3,11.754183,1,6.307101,53.648844,7.596029,203.644550,4.297469,0
2018-04-17,sz.300451,36.0700,36.9800,34.0600,34.1000,36.0700,13053802,461121521.6600,3,10.074481,1,-5.461606,50.718757,7.181164,192.522294,4.062758,0
2018-04-18,sz.300451,34.6000,36.5100,33.3000,36.0400,34.1000,13425598,468419479.2800,3,10.361421,1,5.689157,53.604223,7.589711,203.475175,4.293895,0
2018-04-19,sz.300451,35.6100,38.2800,35.5300,36.6100,36.0400,15480761,571710431.3300,3,11.947526,1,1.581575,54.452015,7.709748,206.693290,4.361806,0
2018-04-20,sz.300451,36.0900,37.4300,35.0600,36.1500,36.6100,11141602,404078229.1000,3,8.598710,1,-1.256485,53.767832,7.612876,204.096215,4.307000,0
2018-04-23,sz.300451,35.9900,36.3400,32.5400,33.5000,36.1500,13295168,453387072.6600,3,10.260759,1,-7.330571,49.826345,7.054809,189.134805,3.991273,0
2018-04-24,sz.300451,33.5100,36.8500,33.0100,36.8500,33.5000,16119915,573924605.7600,3,12.440803,1,9.999995,54.808980,7.760290,208.048286,4.390400,0
2018-04-25,sz.300451,37.1800,38.4800,36.5900,38.4400,36.8500,18199078,684113038.6200,3,14.045431,1,4.314790,57.173872,8.095131,217.025132,4.579837,0
2018-04-26,sz.300451,37.5500,37.8800,36.3200,36.5800,38.4400,12542683,465580977.1500,3,9.680017,1,-4.838701,47.580480,7.607258,-942.740682,4.165100,0
2018-04-27,sz.300451,36.8000,36.9000,34.7000,35.6500,36.5800,12367324,441541751.5600,3,9.544681,1,-2.542374,46.370807,7.413853,-918.772699,4.059208,0
2018-05-02,sz.300451,35.5000,35.9900,33.9500,34.7800,35.6500,9069138,316720919.8900,3,6.999253,1,-2.440400,45.239177,7.232926,-896.351037,3.960147,0
2018-05-03,sz.300451,34.5000,35.9400,33.4000,35.7100,34.7800,9671634,334861072.7500,3,7.464239,1,2.673952,46.448850,7.426331,-920.319020,4.066039,0
2018-05-04,sz.300451,35.2300,35.2700,34.2000,34.4800,35.7100,7508229,260181114.8300,3,5.794596,1,-3.444412,44.848960,7.170537,-888.619429,3.925988,0
2018-05-07,sz.300451,34.5000,36.2200,34.3100,35.9000,34.4800,9592485,340203297.5900,3,7.403154,1,4.118335,46.695988,7.465843,-925.215705,4.087673,0
2018-05-08,sz.300451,35.8000,35.9000,34.7800,35.5600,35.9000,7370752,260653747.0600,3,5.688496,1,-0.947076,46.253741,7.395136,-916.453217,4.048960,0
2018-05-09,sz.300451,35.2400,35.8900,35.0100,35.2300,35.5600,5901630,209012766.2100,3,4.554678,1,-0.928014,45.824503,7.326509,-907.948448,4.011385,0
2018-05-10,sz.300451,35.4000,35.4000,34.2800,34.7200,35.2300,6415621,223184803.2600,3,4.951359,1,-1.447625,45.161133,7.220448,-894.804715,3.953315,0
2018-05-11,sz.300451,34.8500,34.8700,33.6000,33.6900,34.7200,5584990,189906789.6100,3,4.310306,1,-2.966597,43.821388,7.006247,-868.259529,3.836037,0
2018-05-14,sz.300451,33.3300,34.3500,32.8100,33.2800,33.6900,5772526,193539957.0000,3,4.455040,1,-1.216978,43.288091,6.920982,-857.692999,3.789353,0
2018-05-15,sz.300451,33.5500,34.6500,33.5100,34.5800,33.2800,6952073,236663204.9800,3,5.365374,1,3.906259,44.979032,7.191333,-891.196632,3.937374,0
2018-05-16,sz.300451,34.1700,35.1500,34.1600,34.4500,34.5800,5951268,206595966.6000,3,4.592987,1,-0.375943,44.809938,7.164298,-887.846269,3.922572,0
2018-05-17,sz.300451,34.4000,34.7500,33.5700,33.6900,34.4500,4506342,153215704.5600,3,3.477842,1,-2.206102,43.821388,7.006247,-868.259529,3.836037,0
2018-05-18,sz.300451,33.5000,33.6800,31.7500,32.5500,33.6900,8620979,281433008.1200,3,6.653379,1,-3.383792,42.338563,6.769170,-838.879421,3.706233,0
2018-05-21,sz.300451,32.7200,33.9700,32.3000,33.4000,32.5500,6841562,227751670.4800,3,5.271134,1,2.611374,43.444178,6.945938,-860.785642,3.803016,0
2018-05-22,sz.300451,33.6300,34.5600,33.5000,33.9000,33.4000,7547414,256674340.3900,3,4.534346,1,1.497006,44.094540,7.049919,-873.671655,3.859948,0
2018-05-23,sz.300451,33.8000,34.5500,33.2500,33.9900,33.9000,6496590,221884590.2200,3,3.903031,1,0.265487,44.211605,7.068636,-875.991137,3.870195,0
2018-05-24,sz.300451,33.9700,34.5600,33.8100,33.9100,33.9900,5356597,183333613.1100,3,3.218144,1,-0.235369,44.107547,7.051999,-873.929375,3.861086,0
2018-05-25,sz.300451,33.4600,33.6700,31.9800,32.0800,33.9100,7469137,244069157.4300,3,4.487319,1,-5.396633,41.727222,6.671428,-826.766569,3.652717,0
2018-05-28,sz.300451,32.0800,32.3500,31.1400,31.3100,32.0800,5499917,174258437.0800,3,3.304248,1,-2.400257,40.725665,6.511297,-806.922109,3.565043,0
2018-05-29,sz.300451,15.6400,16.0500,15.0200,15.2500,15.6100,12127584,188751479.4200,3,3.643014,1,-2.306212,39.672079,6.342848,-786.046769,3.472814,0
2018-05-30,sz.300451,14.9000,15.6700,14.6200,15.0300,15.2500,13665158,208763178.8000,3,4.104887,1,-1.442625,39.099760,6.251344,-774.707078,3.422715,0
2018-05-31,sz.300451,15.2600,15.3700,14.4500,14.9200,15.0300,10743972,160025948.2600,3,3.227390,1,-0.731867,38.813601,6.205592,-769.037232,3.397665,0
2018-06-01,sz.300451,14.8000,14.8800,13.5700,13.8300,14.9200,14306270,202367110.8600,3,4.297471,1,-7.305631,35.978023,5.752235,-712.854217,3.149444,0
2018-06-04,sz.300451,13.9200,14.0900,13.1800,13.6500,13.8300,12937417,176139919.7500,3,3.886280,1,-1.301521,35.509762,5.677368,-703.576288,3.108453,0
2018-06-05,sz.300451,13.7400,14.8200,13.6900,14.7200,13.6500,16703107,238758879.5600,3,5.017458,1,7.838832,38.293311,6.122408,-758.728422,3.352120,0
2018-06-06,sz.300451,14.5400,15.1000,14.4400,14.9500,14.7200,15852101,235456096.0200,3,4.761824,1,1.562497,38.891644,6.218070,-770.583554,3.404497,0
2018-06-07,sz.300451,14.9400,15.0400,14.5700,14.5800,14.9500,8426082,124300683.8200,3,2.531117,1,-2.474916,37.929109,6.064178,-751.512255,3.320238,0
2018-06-08,sz.300451,14.5900,15.0000,14.4700,14.9700,14.5800,9510324,140709838.7400,3,2.856813,1,2.674899,38.943673,6.226389,-771.614435,3.409051,0
2018-06-11,sz.300451,14.7800,15.4200,14.6700,14.9600,14.9700,12869701,194029650.2100,3,3.865939,1,-0.066802,38.917659,6.222229,-771.098994,3.406774,0
2018-06-12,sz.300451,14.8900,15.0400,14.2600,14.7800,14.9600,8544101,125343070.6200,3,2.566569,1,-1.203211,38.449398,6.147363,-761.821065,3.365783,0
2018-06-13,sz.300451,14.7500,15.1500,14.4700,14.5000,14.7800,7298512,107631875.6400,3,2.192405,1,-1.894450,37.720993,6.030904,-747.388731,3.302020,0
2018-06-14,sz.300451,15.7500,15.7500,14.8300,14.8300,14.5000,20575814,313668449.7800,3,6.180784,1,2.275862,38.579471,6.168159,-764.398268,3.377170,0
2018-06-15,sz.300451,14.8600,15.2300,14.0000,14.2200,14.8300,12914614,187499742.3800,3,3.879430,1,-4.113282,36.992587,5.914445,-732.956397,3.238257,0
2018-06-19,sz.300451,13.5000,13.8400,12.8000,12.8300,14.2200,12444500,164598355.8000,3,3.738212,1,-9.774967,33.376575,5.336310,-661.310167,2.921719,0
2018-06-20,sz.300451,12.8100,13.4000,12.6100,13.3100,12.8300,10004564,130889721.9600,3,3.005278,1,3.741235,34.625270,5.535954,-686.051311,3.031027,0
2018-06-21,sz.300451,13.2100,13.3300,12.7000,12.8300,13.3100,8712800,113134178.0000,3,2.617244,1,-3.606315,33.376575,5.336310,-661.310167,2.921719,0
2018-06-22,sz.300451,12.7300,13.4300,12.5700,13.3600,12.8300,10182700,134024015.0000,3,3.058789,1,4.130941,34.755342,5.556750,-688.628514,3.042413,0
2018-06-25,sz.300451,13.4300,13.6800,13.2000,13.2300,13.3600,8198644,110305921.5800,3,2.462797,1,-0.973055,34.417154,5.502680,-681.927787,3.012809,0
2018-06-26,sz.300451,12.8900,14.1800,12.8300,13.9900,13.2300,11200906,153136024.4800,3,3.364648,1,5.744522,36.394254,5.818783,-721.101265,3.185880,0
2018-06-27,sz.300451,13.9800,15.1400,13.7600,14.6800,13.9900,16530464,238524504.3600,3,4.965598,1,4.932098,38.189253,6.105771,-756.666660,3.343011,0
2018-06-28,sz.300451,14.5200,14.9000,14.4300,14.4500,14.6800,9216500,135101140.9200,3,2.768551,1,-1.566761,37.590920,6.010108,-744.811529,3.290634,0
2018-06-29,sz.300451,14.5000,15.6900,14.2300,15.6000,14.4500,20772983,314577959.8100,3,6.240011,1,7.958481,40.582585,6.488421,-804.087187,3.552518,0
2018-07-02,sz.300451,15.4900,15.9400,15.2000,15.5300,15.6000,13880097,216157305.6600,3,4.169452,1,-0.448722,40.400484,6.459306,-800.479103,3.536577,0
2018-07-03,sz.300451,15.4100,17.0800,15.3300,17.0800,15.5300,24814247,405980030.9000,3,7.453970,1,9.980683,44.432728,7.103989,-880.372381,3.889552,0
2018-07-04,sz.300451,16.7000,17.1400,16.2500,16.4300,17.0800,19472337,325255977.0600,3,5.849309,1,-3.805618,42.741787,6.833638,-846.868749,3.741530,0
2018-07-05,sz.300451,16.3200,17.1400,15.8000,16.3300,16.4300,18116219,300330646.9300,3,5.441944,1,-0.608645,42.481642,6.792046,-841.714343,3.718758,0
2018-07-06,sz.300451,16.4500,17.2000,16.1000,16.4300,16.3300,22551519,377505554.3200,3,6.774267,1,0.612372,42.741787,6.833638,-846.868749,3.741530,0
2018-07-09,sz.300451,16.2200,16.8500,16.1100,16.6500,16.4300,17507218,288364651.5600,3,5.259006,1,1.339010,43.314105,6.925142,-858.208440,3.791630,0
2018-07-10,sz.300451,16.5500,16.5500,15.3500,15.8700,16.6500,28403839,448744687.4900,3,8.532250,1,-4.684683,41.284976,6.600721,-818.004080,3.614004,0
2018-07-11,sz.300451,15.4300,15.6800,14.9900,15.4700,15.8700,14717257,225974366.0400,3,4.420927,1,-2.520477,40.244397,6.434351,-797.386460,3.522914,0
2018-07-12,sz.300451,15.4000,16.3800,15.4000,16.1200,15.4700,18926237,302270702.4000,3,5.685266,1,4.201684,41.935338,6.704702,-830.890093,3.670936,0
2018-07-13,sz.300451,16.0000,16.2600,15.6700,15.8500,16.1200,12733985,202916723.5400,3,3.825171,1,-1.674941,41.232947,6.592402,-816.973199,3.609450,0
2018-07-16,sz.300451,16.0100,16.4800,15.5600,16.3000,15.8500,17421073,280410610.8300,3,5.233129,1,2.839109,42.403599,6.779568,-840.168022,3.711926,0
2018-07-17,sz.300451,16.1500,16.3500,15.8100,16.3000,16.3000,11502954,185276283.9400,3,3.455381,1,0.000000,42.403599,6.779568,-840.168022,3.711926,0
2018-07-18,sz.300451,16.3100,16.4800,15.9000,15.9000,16.3000,12360300,200718948.9800,3,3.712919,1,-2.453985,41.363020,6.613198,-819.550402,3.620836,0
2018-07-19,sz.300451,15.8800,16.0500,15.3600,15.6500,15.9000,10805004,169553896.2700,3,3.245723,1,-1.572327,40.712658,6.509217,-806.664389,3.563905,0
2018-07-20,sz.300451,15.5500,16.4500,15.5100,16.4200,15.6500,19894982,320515016.0300,3,5.976268,1,4.920131,42.715773,6.829479,-846.353308,3.739253,0
2018-07-23,sz.300451,16.4500,16.7700,16.2500,16.5600,16.4200,19200900,316419088.6500,3,5.767772,1,0.852615,43.079975,6.887709,-853.569475,3.771135,0
2018-07-24,sz.300451,16.4900,16.8300,16.1800,16.7000,16.5600,16784520,277917308.6400,3,5.041914,1,0.845418,43.444178,6.945938,-860.785642,3.803016,0
2018-07-25,sz.300451,16.7200,17.0300,16.2900,16.3700,16.7000,17367539,288858119.3200,3,5.217048,1,-1.976047,42.585700,6.808683,-843.776105,3.727867,0
2018-07-26,sz.300451,16.2100,16.2700,15.4300,15.4500,16.3700,16940242,266328074.9600,3,5.088692,1,-5.620043,40.192368,6.426032,-796.355579,3.518359,0
2018-07-27,sz.300451,15.3200,15.4800,14.9300,14.9600,15.4500,10685140,161655981.9300,3,3.209717,1,-3.171520,38.917659,6.222229,-771.098994,3.406774,0
2018-07-30,sz.300451,14.9000,15.0900,14.5200,14.6300,14.9600,7622266,112612294.9400,3,2.289658,1,-2.205882,38.059181,6.084974,-754.089458,3.331624,0
2018-07-31,sz.300451,14.6100,14.8300,14.3500,14.4900,14.6300,5706199,83330674.7800,3,1.714089,1,-0.956940,37.694978,6.026745,-746.873291,3.299743,0
2018-08-01,sz.300451,14.6000,14.9800,14.4100,14.4300,14.4900,8654195,127355846.7800,3,2.599640,1,-0.414075,37.538891,6.001789,-743.780648,3.286079,0
2018-08-02,sz.300451,14.3500,14.3500,13.6200,13.9800,14.4300,9874816,137811212.7100,3,2.966303,1,-3.118508,36.368240,5.814624,-720.585825,3.183603,0
2018-08-03,sz.300451,14.0800,14.4200,13.9300,13.9800,13.9800,8745960,123734922.8800,3,2.627205,1,0.000000,36.368240,5.814624,-720.585825,3.183603,0
2018-08-06,sz.300451,13.9700,14.3500,13.8800,14.2400,13.9800,10478852,148643494.2100,3,3.147750,1,1.859801,37.044616,5.922764,-733.987278,3.242812,0
2018-08-07,sz.300451,14.3300,15.6600,14.3100,15.6600,14.2400,23364308,355469800.7800,3,7.018421,1,9.971910,39.664925,6.421871,63.168880,3.551108,0
2018-08-08,sz.300451,15.6500,15.8700,15.0300,15.1500,15.6600,19159072,296320202.6900,3,5.755208,1,-3.256706,38.373156,6.212730,61.111656,3.435459,0
2018-08-09,sz.300451,15.1300,16.5500,15.0600,16.0300,15.1500,25199663,400590212.1200,3,7.569745,1,5.808588,40.602091,6.573601,64.661376,3.635011,0
2018-08-10,sz.300451,15.8800,16.5400,15.8100,16.5000,16.0300,24418179,396241643.0200,3,7.334994,1,2.931998,41.792546,6.766339,66.557249,3.741589,0
2018-08-13,sz.300451,16.1000,17.3200,16.0300,17.0000,16.5000,26529824,444033311.0700,3,7.969313,1,3.030303,43.058986,6.971380,68.574136,3.854971,0
2018-08-14,sz.300451,16.8000,16.9800,16.2500,16.4800,17.0000,18517322,306333254.8600,3,5.562432,1,-3.058826,41.741888,6.758138,66.476574,3.737054,0
2018-08-15,sz.300451,16.5600,17.2000,16.3200,16.6000,16.4800,22081069,370021214.4000,3,6.632948,1,0.728160,42.045834,6.807347,66.960626,3.764266,0
2018-08-16,sz.300451,16.0000,17.0700,15.8200,16.5700,16.6000,20227444,334284446.7800,3,6.076137,1,-0.180727,41.969847,6.795045,66.839613,3.757463,0
2018-08-17,sz.300451,16.8500,16.9500,15.7800,15.9000,16.5700,16231771,265040643.0600,3,4.875873,1,-4.043452,40.272817,6.520290,64.136986,3.605531,0
2018-08-20,sz.300451,16.1600,17.4900,15.9100,17.0500,15.9000,25719647,429971454.1400,3,7.725943,1,7.232703,43.185631,6.991884,68.775824,3.866309,0
2018-08-21,sz.300451,16.9000,17.5400,16.8000,17.3000,17.0500,27070720,465614723.7000,3,8.131793,1,1.466276,43.818851,7.094404,69.784267,3.923000,0
2018-08-22,sz.300451,17.1300,17.3500,16.6100,16.8900,17.3000,17476076,295880936.7100,3,5.249651,1,-2.369941,42.780370,6.926271,68.130421,3.830027,0
2018-08-23,sz.300451,16.8100,17.4700,16.7100,17.0000,16.8900,19221724,330058206.1200,3,5.774028,1,0.651277,43.058986,6.971380,68.574136,3.854971,0
2018-08-24,sz.300451,16.8600,16.8900,16.3000,16.4500,17.0000,16847546,279014231.6600,3,5.060847,1,-3.235290,41.665902,6.745835,66.355561,3.730251,0
2018-08-27,sz.300451,16.5100,17.5000,16.3600,17.3600,16.4500,22926892,390094484.8800,3,6.887026,1,5.531914,43.970824,7.119009,70.026294,3.936605,0
2018-08-28,sz.300451,17.2100,17.6300,17.1200,17.4000,17.3600,16766282,290634280.8800,3,5.036436,1,0.230409,44.072139,7.135412,70.187645,3.945676,0
2018-08-29,sz.300451,17.2700,17.4900,16.9000,17.3200,17.4000,11146152,191348956.6000,3,3.348201,1,-0.459770,43.869509,7.102606,69.864943,3.927535,0
2018-08-30,sz.300451,17.3500,17.3900,16.6700,16.7600,17.3200,12526176,211793017.6000,3,3.762747,1,-3.233253,42.451095,6.872960,67.606030,3.800548,0
2018-08-31,sz.300451,16.6000,16.9800,16.5200,16.5500,16.7600,8390568,140725494.7300,3,2.520449,1,-1.252989,41.919190,6.786843,66.758938,3.752927,0
2018-09-03,sz.300451,16.4800,16.9800,15.8400,16.9500,16.5500,12981422,212328097.0200,3,3.899499,1,2.416928,42.932342,6.950876,68.372447,3.843633,0
2018-09-04,sz.300451,16.7500,18.6500,16.7500,18.6500,16.9500,40085323,716641316.4300,3,12.041259,1,10.029490,47.238241,7.648014,75.229860,4.229130,0
2018-09-05,sz.300451,18.6500,19.0800,18.3700,18.5600,18.6500,38484582,720495493.7700,3,11.560411,1,-0.482575,47.010282,7.611106,74.866821,4.208721,0
2018-09-06,sz.300451,18.6300,19.0700,18.3600,18.7900,18.5600,27172154,509040526.6900,3,8.162263,1,1.239232,47.592844,7.705425,75.794589,4.260877,0
2018-09-07,sz.300451,18.5800,19.0600,17.5200,17.8000,18.7900,30863134,563113938.1500,3,9.270999,1,-5.268769,45.085292,7.299445,71.801154,4.036381,0
2018-09-10,sz.300451,17.7100,17.9400,16.8600,17.2600,17.8000,21737234,378359935.9000,3,6.529663,1,-3.033702,43.717536,7.078001,69.622916,3.913929,0
2018-09-11,sz.300451,17.2300,17.6700,17.1500,17.3400,17.2600,12843682,223475307.3400,3,3.858123,1,0.463499,43.920166,7.110807,69.945618,3.932070,0
2018-09-12,sz.300451,17.3400,17.5900,16.8600,16.9400,17.3400,14083953,242061550.3800,3,4.230689,1,-2.306803,42.907014,6.946775,68.332109,3.841365,0
2018-09-13,sz.300451,17.1800,17.7700,16.6600,17.7000,16.9400,17591625,303618754.0200,3,5.284361,1,4.486423,44.832004,7.258437,71.397776,4.013705,0
2018-09-14,sz.300451,17.5800,17.6900,16.9600,17.0700,17.7000,14657808,253545623.9000,3,4.403070,1,-3.559328,43.236288,7.000085,68.856500,3.870844,0
2018-09-17,sz.300451,16.6400,17.3300,16.3200,17.0700,17.0700,9538434,160897317.7900,3,2.865257,1,0.000000,43.236288,7.000085,68.856500,3.870844,0
2018-09-18,sz.300451,16.9800,17.6700,16.8200,17.6200,17.0700,12107560,209847607.3100,3,3.636999,1,3.222034,44.629373,7.225630,71.075075,3.995564,0
2018-09-19,sz.300451,17.4100,19.0900,17.4100,18.3800,17.6200,26142996,479289170.9200,3,7.853114,1,4.313271,46.554363,7.537292,74.140742,4.167904,0
2018-09-20,sz.300451,18.2700,18.4400,18.0700,18.2000,18.3800,10880462,198214741.8700,3,3.268390,1,-0.979317,46.098444,7.463477,73.414663,4.127086,0
2018-09-21,sz.300451,18.3600,18.5600,18.0900,18.4000,18.2000,13292816,243714610.6300,3,3.993039,1,1.098895,46.605021,7.545493,74.221417,4.172439,0
2018-09-25,sz.300451,18.2200,18.9600,18.2100,18.4900,18.4000,12111892,226134940.4400,3,3.638300,1,0.489131,46.832980,7.582401,74.584457,4.192848,0
2018-09-26,sz.300451,18.3700,18.5300,17.8100,18.1700,18.4900,15816825,285497848.4400,3,4.751228,1,-1.730664,46.022458,7.451175,73.293650,4.120283,0
2018-09-27,sz.300451,18.0700,18.2800,17.7500,17.8500,18.1700,9723502,174791248.1700,3,2.920850,1,-1.761143,45.211936,7.319949,72.002842,4.047719,0
2018-09-28,sz.300451,17.9400,18.0400,17.0000,17.5500,17.8500,12578247,219124281.2500,3,3.778389,1,-1.680679,44.452071,7.196924,70.792710,3.979690,0
2018-10-08,sz.300451,16.9100,17.2600,16.6300,16.7500,17.5500,9724479,164582768.7700,3,2.921143,1,-4.558401,42.425766,6.868859,67.565692,3.798280,0
2018-10-09,sz.300451,16.8300,17.1100,16.0200,16.3500,16.7500,9929669,163514286.4300,3,2.982780,1,-2.388057,41.412613,6.704827,65.952183,3.707575,0
2018-10-10,sz.300451,16.5600,17.1400,16.3600,16.8500,16.3500,11988224,201756478.6900,3,3.601151,1,3.058104,42.666102,6.907770,67.948442,3.819797,0
2018-10-11,sz.300451,16.2400,17.1800,15.7400,16.2000,16.8500,15094709,248385503.4000,3,4.534311,1,-3.857564,41.020228,6.641299,65.327285,3.672445,0
2018-10-12,sz.300451,16.1800,17.1200,16.1300,16.9400,16.2000,12791165,213270363.8100,3,3.842347,1,4.567900,42.893992,6.944667,68.311371,3.840199,0
2018-10-15,sz.300451,17.0800,17.4000,16.7500,16.9200,16.9400,12638602,216154270.5900,3,3.796519,1,-0.118067,42.843349,6.936467,68.230720,3.835665,0
2018-10-16,sz.300451,16.8200,17.3800,16.5500,16.9900,16.9200,11938833,202732891.2600,3,3.586315,1,0.413710,43.020597,6.965164,68.512998,3.851534,0
2018-10-17,sz.300451,17.2000,18.3700,16.9000,18.0100,16.9900,19805851,349436484.7100,3,5.949494,1,6.003534,45.603352,7.383320,72.626198,4.082762,0
2018-10-18,sz.300451,17.8800,18.4300,17.6200,18.0200,18.0100,18561418,335519243.2000,3,5.575678,1,0.055526,45.628674,7.387420,72.666523,4.085029,0
2018-10-19,sz.300451,17.5300,19.8200,17.4100,19.4800,18.0200,33927816,646187598.4300,3,10.191601,1,8.102103,49.325558,7.985957,78.554044,4.416002,0
2018-10-22,sz.300451,19.9000,20.8400,19.3000,20.0000,19.4800,39713330,789974514.6600,3,11.929516,1,2.669407,50.642257,8.199134,80.650969,4.533883,0
2018-10-23,sz.300451,19.6000,20.3400,19.4800,20.0900,20.0000,24188551,482562485.3600,3,7.266016,1,0.450001,50.870147,8.236030,81.013899,4.554286,0
2018-10-24,sz.300451,19.7400,20.0900,19.0000,19.4600,20.0900,21721695,422719543.2100,3,6.524996,1,-3.135894,49.274916,7.977757,78.473393,4.411468,0
2018-10-25,sz.300451,18.6500,20.0700,18.4200,19.9500,19.4600,23458600,448588593.8700,3,7.046746,1,2.517994,50.515651,8.178636,80.449342,4.522549,0
2018-10-26,sz.300451,19.8500,20.0800,19.1800,19.6700,19.9500,18588611,366005118.4000,3,5.583846,1,-1.403512,49.806660,8.063848,79.320228,4.459074,0
2018-10-29,sz.300451,19.5300,19.5300,18.4700,18.4700,19.6700,15639854,296029240.6600,3,4.698067,1,-6.100665,43.173545,7.511501,-730.798317,4.086564,0
2018-10-30,sz.300451,18.5300,18.9700,17.6200,18.3900,18.4700,21073066,384649028.4900,3,6.330154,1,-0.433134,42.986546,7.478966,-727.632975,4.068864,0
2018-10-31,sz.300451,18.3000,18.8800,17.8900,18.4400,18.3900,16787115,309333514.7100,3,5.042694,1,0.271893,43.103420,7.499300,-729.611313,4.079927,0
2018-11-01,sz.300451,18.7500,19.5500,18.4100,18.9200,18.4400,22291455,423167863.8300,3,6.696146,1,2.603034,44.225418,7.694510,-748.603365,4.186129,0
2018-11-02,sz.300451,19.5000,19.5000,18.7000,19.2500,18.9200,21425361,408982696.3300,3,6.435980,1,1.744186,44.996792,7.828716,-761.660400,4.259143,0
2018-11-05,sz.300451,19.0100,20.3600,18.9100,20.2700,19.2500,28270518,556660632.7400,3,8.492201,1,5.298704,47.381037,8.243537,-802.018510,4.484822,0
2018-11-06,sz.300451,20.0000,20.4700,19.5300,20.4000,20.2700,18593851,370826867.8900,3,5.585420,1,0.641338,47.684912,8.296406,-807.162190,4.513585,0
2018-11-07,sz.300451,20.2100,20.6500,19.5800,19.5800,20.4000,21347889,428265398.4700,3,6.412708,1,-4.019607,45.768165,7.962923,-774.717436,4.332157,0
2018-11-08,sz.300451,19.5800,19.7600,19.1000,19.2100,19.5800,14091231,273494200.6900,3,4.232875,1,-1.889688,44.903292,7.812449,-760.077729,4.250293,0
2018-11-09,sz.300451,19.1000,20.4300,19.0400,19.8800,19.2100,22825176,455521262.0000,3,6.856471,1,3.487767,46.469414,8.084929,-786.587468,4.398533,0
2018-11-12,sz.300451,19.7500,21.1000,19.6300,20.8700,19.8800,25978762,532546455.4900,3,7.803779,1,4.979888,48.783535,8.487549,-825.758574,4.617574,0
2018-11-13,sz.300451,20.4400,21.1800,20.4100,20.5900,20.8700,22183985,460120955.2300,3,6.663863,1,-1.341642,48.129036,8.373676,-814.679878,4.555623,0
2018-11-14,sz.300451,20.1500,20.5500,19.9100,20.0000,20.5900,16258838,327765260.2600,3,4.884004,1,-2.865469,46.749914,8.133731,-791.335481,4.425083,0
2018-11-15,sz.300451,19.9900,20.7000,19.7000,20.6800,20.0000,17446646,353716498.8100,3,5.240811,1,3.400002,48.339411,8.410278,-818.240887,4.575536,0
2018-11-16,sz.300451,20.4000,20.6400,19.9000,20.0800,20.6800,18359563,371639415.5200,3,5.337333,1,-2.901356,46.936913,8.166266,-794.500823,4.442784,0
2018-11-19,sz.300451,19.7700,19.9200,19.2400,19.4300,20.0800,16212122,315770255.6200,3,4.713048,1,-3.237050,45.417541,7.901920,-768.782420,4.298968,0
2018-11-20,sz.300451,19.2600,19.7900,19.0600,19.4400,19.4300,12727572,248254215.3600,3,3.700049,1,0.051468,45.440916,7.905987,-769.178087,4.301181,0
2018-11-21,sz.300451,18.3100,18.5000,17.5000,17.5000,19.4400,31465005,559459212.4600,3,9.147234,1,-9.979426,40.906174,7.117015,-692.418546,3.871948,0
2018-11-22,sz.300451,17.4000,18.3300,17.4000,17.8600,17.5000,18282991,328233469.5600,3,5.315073,1,2.057146,41.747673,7.263422,-706.662584,3.951599,0
2018-11-23,sz.300451,17.7800,18.0500,17.4600,17.5400,17.8600,11522887,204461857.6900,3,3.349834,1,-1.791712,40.999674,7.133282,-694.001217,3.880798,0
2018-11-26,sz.300451,17.5400,17.7600,17.0300,17.2800,17.5400,10495462,182549568.3200,3,3.051150,1,-1.482327,40.391925,7.027544,-683.713855,3.823272,0
2018-11-27,sz.300451,17.5000,17.8800,17.4300,17.7200,17.2800,9360923,165618343.9800,3,2.721326,1,2.546288,41.420423,7.206486,-701.123236,3.920624,0
2018-11-28,sz.300451,17.7500,17.9800,17.3500,17.9000,17.7200,9371245,166029560.7900,3,2.724327,1,1.015803,41.841173,7.279689,-708.245255,3.960450,0
2018-11-29,sz.300451,18.0500,18.1500,17.2000,17.3300,17.9000,7451602,131428546.4700,3,2.166265,1,-3.184356,40.508800,7.047878,-685.692194,3.834335,0
2018-11-30,sz.300451,17.1000,17.4500,16.5100,17.2300,17.3300,9174233,156157139.1800,3,2.667054,1,-0.577036,40.275051,7.007209,-681.735517,3.812209,0
2018-12-03,sz.300451,17.8000,17.9800,17.4900,17.7000,17.2300,10062159,178785603.3400,3,2.925184,1,2.727808,41.373674,7.198352,-700.331901,3.916199,0
2018-12-04,sz.300451,17.6400,17.8800,17.5500,17.8100,17.7000,6088574,107761157.9100,3,1.770017,1,0.621462,41.630798,7.243088,-704.684246,3.940537,0
2018-12-05,sz.300451,17.5100,17.8500,17.2400,17.5600,17.8100,6313341,110869727.0600,3,1.835360,1,-1.403706,41.046424,7.141416,-694.792552,3.885223,0
2018-12-06,sz.300451,17.5000,17.5000,16.4800,16.4800,17.5600,11507500,194139089.3600,3,3.345361,1,-6.150342,38.521929,6.702195,-652.060436,3.646269,0
2018-12-07,sz.300451,16.5100,17.0000,16.1600,16.8900,16.4800,13452745,222575334.4700,3,3.910865,1,2.487863,39.480302,6.868936,-668.282814,3.736983,0
2018-12-10,sz.300451,16.8100,18.0000,16.8100,17.9000,16.8900,17479986,309772139.5200,3,5.081630,1,5.979871,41.841173,7.279689,-708.245255,3.960450,0
2018-12-11,sz.300451,17.7600,18.1500,17.7600,18.1200,17.9000,10033545,180349416.5100,3,2.916865,1,1.229057,42.355422,7.369161,-716.949946,4.009126,0
2018-12-12,sz.300451,18.1700,18.1700,17.7000,17.8100,18.1200,5991100,107354025.0000,3,1.741681,1,-1.710824,41.630798,7.243088,-704.684246,3.940537,0
2018-12-13,sz.300451,17.8500,18.3800,17.8300,18.1700,17.8100,8638863,156749931.9100,3,2.511415,1,2.021340,42.472296,7.389495,-718.928284,4.020188,0
2018-12-14,sz.300451,18.1300,18.2300,17.6100,17.7700,18.1700,4948099,88481898.9700,3,1.438468,1,-2.201429,41.537298,7.226820,-703.101575,3.931687,0
2018-12-17,sz.300451,17.6500,17.9500,17.5200,17.7800,17.7700,5066306,89915126.5000,3,1.472833,1,0.056276,41.560673,7.230887,-703.497242,3.933899,0
2018-12-18,sz.300451,17.5700,18.3800,17.5500,18.2700,17.7800,10682798,193950010.0700,3,3.105610,1,2.755904,42.706046,7.430164,-722.884962,4.042314,0
2018-12-19,sz.300451,18.2600,18.2600,17.6600,17.6700,18.2700,6520808,116282667.5600,3,1.895673,1,-3.284074,41.303549,7.186152,-699.144897,3.909561,0
2018-12-20,sz.300451,17.6600,17.8100,17.1200,17.3300,17.6700,8325548,144894380.7600,3,2.420331,1,-1.924166,40.508800,7.047878,-685.692194,3.834335,0
2018-12-21,sz.300451,17.5300,18.7500,17.5300,18.4700,17.3300,19665163,358755530.7400,3,5.716886,1,6.578185,43.173545,7.511501,-730.798317,4.086564,0
2018-12-24,sz.300451,18.3000,19.0500,18.1900,18.8200,18.4700,14658188,272963601.5900,3,4.261301,1,1.894967,43.991669,7.653841,-744.646687,4.164003,0
2018-12-25,sz.300451,18.6900,19.1700,18.5100,18.9900,18.8200,13744502,259179255.2200,3,3.995683,1,0.903295,44.389043,7.722978,-751.373039,4.201617,0
2018-12-26,sz.300451,19.2500,19.7500,19.0000,19.0600,18.9900,14119545,273002847.9200,3,4.104712,1,0.368613,44.552668,7.751446,-754.142713,4.217104,0
2018-12-27,sz.300451,19.3100,19.6600,18.8900,18.9300,19.0600,10940352,211173057.8600,3,3.180484,1,-0.682052,44.248793,7.698577,-748.999033,4.188341,0
2018-12-28,sz.300451,19.1000,19.3500,18.6500,19.1500,18.9300,10618568,202386347.4200,3,3.086938,1,1.162173,44.763042,7.788048,-757.703723,4.237017,0
2019-01-02,sz.300451,19.1600,19.6000,18.6300,19.1100,19.1500,9011907,172750220.0200,3,2.619864,1,-0.208872,44.669542,7.771780,-756.121052,4.228167,0
2019-01-03,sz.300451,19.0500,19.4500,18.7600,18.9000,19.1100,8099335,154729643.3200,3,2.354568,1,-1.098906,44.178668,7.686376,-747.812029,4.181704,0
2019-01-04,sz.300451,18.7300,19.7000,18.6400,19.6200,18.9000,10847585,209549850.0100,3,3.128942,1,3.809530,45.861665,7.979190,-776.300107,4.341007,0
2019-01-07,sz.300451,19.7000,19.9500,19.3000,19.6100,19.6200,13874002,271335502.4600,3,4.001900,1,-0.050970,45.838290,7.975124,-775.904439,4.338794,0
2019-01-08,sz.300451,19.4800,19.4800,18.8500,19.1600,19.6100,7722247,148182498.5300,3,2.227451,1,-2.294751,44.786417,7.792115,-758.099391,4.239230,0
2019-01-09,sz.300451,19.1200,19.5400,18.9200,18.9500,19.1600,7825530,150769421.1600,3,2.257243,1,-1.096029,44.295543,7.706710,-749.790368,4.192766,0
2019-01-10,sz.300451,19.0000,19.0000,17.6900,17.7700,18.9500,18706875,339656029.2700,3,5.395923,1,-6.226914,41.537298,7.226820,-703.101575,3.931687,0
2019-01-11,sz.300451,17.7600,18.2500,17.0500,18.2000,17.7700,18016243,318133313.6700,3,5.196713,1,2.419810,42.542421,7.401695,-720.115288,4.026826,0
2019-01-14,sz.300451,18.0500,18.1900,17.6300,17.6900,18.2000,8202358,146230412.7500,3,2.365937,1,-2.802199,41.350299,7.194285,-699.936233,3.913986,0
2019-01-15,sz.300451,17.6400,18.0000,17.5600,17.9100,17.6900,5787800,103059830.1000,3,1.669468,1,1.243637,41.864548,7.283756,-708.640923,3.962662,0
2019-01-16,sz.300451,17.9200,18.5200,17.8600,18.0000,17.9100,9523850,173846514.7100,3,2.747116,1,0.502513,42.074922,7.320358,-712.201933,3.982575,0
2019-01-17,sz.300451,17.8800,17.8800,17.3700,17.6500,18.0000,8366035,147019806.8400,3,2.413149,1,-1.944447,41.256799,7.178018,-698.353562,3.905136,0
2019-01-18,sz.300451,17.5200,17.7400,17.1700,17.6200,17.6500,6585199,115158068.0400,3,1.899474,1,-0.169965,41.186674,7.165817,-697.166559,3.898498,0
2019-01-21,sz.300451,17.7000,18.2600,17.6700,18.0500,17.6200,7309009,131961875.5800,3,2.108254,1,2.440399,42.191797,7.340692,-714.180271,3.993638,0
2019-01-22,sz.300451,18.0700,18.2000,17.5700,17.9000,18.0500,6465000,115209379.5800,3,1.864803,1,-0.831023,41.841173,7.279689,-708.245255,3.960450,0
2019-01-23,sz.300451,17.7200,18.0400,17.4200,17.6900,17.9000,4793031,85119894.4900,3,1.382531,1,-1.173179,41.350299,7.194285,-699.936233,3.913986,0
2019-01-24,sz.300451,17.7500,18.0000,17.4600,17.7000,17.6900,5895217,104576947.7400,3,1.700452,1,0.056530,41.373674,7.198352,-700.331901,3.916199,0
2019-01-25,sz.300451,17.6500,17.7000,17.2700,17.4400,17.7000,6203500,108323518.5000,3,1.789375,1,-1.468928,40.765925,7.092614,-690.044539,3.858673,0
2019-01-28,sz.300451,17.3000,17.5200,17.1800,17.2100,17.4400,4886729,84783548.6300,3,1.409557,1,-1.318816,40.228301,6.999076,-680.944181,3.807784,0
2019-01-29,sz.300451,17.2900,17.5700,16.9100,17.4800,17.2100,7223941,124623874.4500,3,2.083717,1,1.568858,40.859424,7.108881,-691.627210,3.867523,0
2019-01-30,sz.300451,17.4700,18.1600,17.3800,17.6500,17.4800,9024299,161779643.5700,3,2.603023,1,0.972541,41.256799,7.178018,-698.353562,3.905136,0
2019-01-31,sz.300451,17.6500,17.8900,17.1100,17.2700,17.6500,4339000,76080190.7800,3,1.251567,1,-2.152970,40.368550,7.023477,-683.318188,3.821059,0
2019-02-01,sz.300451,17.3600,18.1200,17.3600,18.0100,17.2700,7473012,133743699.5900,3,2.155560,1,4.284885,42.098297,7.324425,-712.597601,3.984788,0
2019-02-11,sz.300451,18.0300,19.1200,17.9500,18.9800,18.0100,11507702,215694770.3800,3,3.319351,1,5.385893,44.365668,7.718911,-750.977371,4.199404,0
2019-02-12,sz.300451,19.0000,19.1900,18.7900,19.1400,18.9800,7123564,135191206.6800,3,2.054763,1,0.842992,44.739667,7.783981,-757.308055,4.234805,0
2019-02-13,sz.300451,19.1000,19.6000,18.8500,19.2600,19.1400,13005451,251046699.0000,3,3.751370,1,0.626964,45.020167,7.832783,-762.056068,4.261355,0
2019-02-14,sz.300451,19.2000,19.4700,19.1000,19.2700,19.2600,6274618,121044876.4400,3,1.809888,1,0.051922,45.043542,7.836850,-762.451736,4.263568,0
2019-02-15,sz.300451,19.2000,19.3500,19.0000,19.1000,19.2700,6260931,120022970.7400,3,1.805940,1,-0.882201,44.646167,7.767713,-755.725384,4.225955,0
2019-02-18,sz.300451,19.2000,19.7700,18.8600,19.7200,19.1000,12849919,248714976.3200,3,3.706508,1,3.246068,46.095415,8.019859,-780.256784,4.363132,0
2019-02-19,sz.300451,19.6000,19.8700,19.2000,19.6000,19.7200,12896904,251787100.5200,3,3.720060,1,-0.608514,45.814915,7.971057,-775.508771,4.336582,0
2019-02-20,sz.300451,19.5600,19.5600,18.9000,19.1600,19.6000,7579315,145298726.1300,3,2.186223,1,-2.244901,44.786417,7.792115,-758.099391,4.239230,0
2019-02-21,sz.300451,19.2000,19.4500,18.7100,18.7800,19.1600,11299061,216242367.4800,3,3.259169,1,-1.983294,43.898169,7.637574,-743.064017,4.155153,0
2019-02-22,sz.300451,18.7100,19.6300,18.5600,19.6300,18.7800,10811924,208577065.1200,3,3.118656,1,4.526083,45.885040,7.983257,-776.695774,4.343219,0
2019-02-25,sz.300451,19.8800,21.4500,19.6700,20.9900,19.6300,22843287,472593118.6700,3,6.589055,1,6.928175,49.064034,8.536351,-830.506587,4.644125,0
2019-02-26,sz.300451,20.9400,21.6000,20.3900,20.4500,20.9900,16823302,350879349.6500,3,4.852614,1,-2.572649,47.801787,8.316740,-809.140529,4.524648,0
2019-02-27,sz.300451,20.4000,21.1500,20.2100,20.7500,20.4500,13255417,273495694.6700,3,3.823472,1,1.466989,46.339223,7.764934,-821.010561,4.591024,0
2019-02-28,sz.300451,20.7000,20.9700,20.3200,20.6500,20.7500,9687791,199877020.7100,3,2.794404,1,-0.481930,46.115901,7.727513,-817.053884,4.568899,0
2019-03-01,sz.300451,20.6500,20.8900,19.9300,20.2800,20.6500,12376257,249731610.7300,3,3.569882,1,-1.791762,45.289612,7.589054,-802.414178,4.487035,0
2019-03-04,sz.300451,20.4800,21.5800,20.2800,21.1900,20.2800,22475939,470591634.9200,3,6.483095,1,4.487178,47.321838,7.929588,-838.419942,4.688376,0
2019-03-05,sz.300451,21.0100,21.8500,20.8800,21.5900,21.1900,19736932,421808854.6900,3,5.693039,1,1.887681,48.215124,8.079274,-854.246652,4.776877,0
2019-03-06,sz.300451,21.7000,21.8300,20.6000,21.0900,21.5900,18897534,397106205.6400,3,5.450918,1,-2.315887,47.098516,7.892167,-834.463265,4.666250,0
2019-03-07,sz.300451,20.9000,21.7500,20.7000,21.2600,21.0900,23381707,496927509.8600,3,6.744360,1,0.806070,47.478163,7.955783,-841.189616,4.703864,0
2019-03-08,sz.300451,20.4200,21.5000,20.0000,20.3000,21.2600,19262827,399100004.9600,3,5.556285,1,-4.515527,45.334276,7.596538,-803.205513,4.491460,0
2019-03-11,sz.300451,20.5600,21.1100,19.6800,21.0000,20.3000,18595209,380863326.0400,3,5.363714,1,3.448280,46.897527,7.858488,-830.902255,4.646338,0
2019-03-12,sz.300451,21.1000,22.5000,21.1000,22.0000,21.0000,27954269,612358551.6800,3,8.063297,1,4.761905,49.130742,8.232701,-870.469029,4.867592,0
2019-03-13,sz.300451,21.7400,23.2300,21.4700,21.7800,22.0000,26135311,586027550.5600,3,7.538626,1,-0.999997,48.639435,8.150374,-861.764339,4.818916,0
2019-03-14,sz.300451,21.7000,22.0900,19.8300,20.7500,21.7800,17427220,362542378.0100,3,5.026812,1,-4.729112,46.339223,7.764934,-821.010561,4.591024,0
2019-03-15,sz.300451,20.8900,21.6500,20.6000,20.9700,20.7500,16505693,348707744.8200,3,4.761001,1,1.060238,46.830530,7.847261,-829.715252,4.639700,0
2019-03-18,sz.300451,20.9700,21.0100,20.2100,21.0100,20.9700,13963026,288033244.7300,3,4.027579,1,0.190753,46.919859,7.862230,-831.297923,4.648550,0
2019-03-19,sz.300451,20.8600,22.1900,20.7500,21.8800,21.0100,19352904,417933775.1700,3,5.582268,1,4.140880,48.862756,8.187796,-865.721016,4.841041,0
2019-03-20,sz.300451,21.9400,22.8000,20.8900,22.5000,21.8800,19615782,428210206.6600,3,5.658094,1,2.833642,50.247350,8.419808,-890.252416,4.978219,0
2019-03-21,sz.300451,22.4900,24.6600,22.1000,23.8400,22.5000,29412965,690603546.4000,3,8.484052,1,5.955556,53.239859,8.921255,-943.271893,5.274699,0
2019-03-22,sz.300451,24.2000,24.4000,23.0200,23.7800,23.8400,23642049,559499195.8400,3,6.819454,1,-0.251676,53.105866,8.898802,-940.897887,5.261424,0
2019-03-25,sz.300451,23.3500,25.9800,23.3500,24.8400,23.7800,25929675,649321995.9900,3,7.479311,1,4.457525,55.473074,9.295468,-982.838667,5.495954,0
2019-03-26,sz.300451,25.0000,25.7200,24.2200,24.6900,24.8400,19760746,494107952.1200,3,5.699908,1,-0.603863,55.138092,9.239336,-976.903651,5.462765,0
2019-03-27,sz.300451,24.8500,24.9500,23.6900,24.2200,24.6900,15476609,375254520.3200,3,4.464166,1,-1.903610,54.088481,9.063456,-958.307267,5.358776,0
2019-03-28,sz.300451,24.1300,24.5600,23.4500,23.6200,24.2200,10605359,254682797.3200,3,3.059073,1,-2.477285,52.748551,8.838928,-934.567203,5.226023,0
2019-03-29,sz.300451,23.6900,25.1400,23.5200,25.1000,23.6200,14709219,360908056.5000,3,4.242815,1,6.265874,56.053711,9.392764,-993.126028,5.553480,0
2019-04-01,sz.300451,25.3600,26.1200,24.8100,25.7900,25.1000,18008538,459673185.2700,3,5.194491,1,2.749006,57.594629,9.650971,-1020.427103,5.706145,0
2019-04-02,sz.300451,25.6600,27.6300,25.5100,27.1000,25.7900,20931762,562486778.8000,3,6.037683,1,5.079486,60.520142,10.141191,-1072.259577,5.995988,0
2019-04-03,sz.300451,27.0000,28.0000,26.5400,26.8700,27.1000,12619493,342606766.0500,3,3.640042,1,-0.848707,60.006502,10.055122,-1063.159219,5.945099,0
2019-04-04,sz.300451,27.0500,27.4900,26.2500,26.5500,26.8700,12005783,320364502.2300,3,3.463020,1,-1.190925,59.291873,9.935374,-1050.497851,5.874298,0
2019-04-08,sz.300451,27.0300,27.0300,25.6700,26.3800,26.5500,12243398,319464567.4100,3,3.531559,1,-0.640302,58.912226,9.871757,-1043.771499,5.836685,0
2019-04-09,sz.300451,26.0000,26.8700,25.6100,25.9300,26.3800,11532974,302311745.3100,3,3.326640,1,-1.705834,57.907279,9.703361,-1025.966451,5.737121,0
2019-04-10,sz.300451,25.6700,26.2500,25.3100,25.8200,25.9300,8160340,210418227.1400,3,2.353817,1,-0.424221,57.661626,9.662198,-1021.614106,5.712783,0
2019-04-11,sz.300451,25.8300,25.9300,24.4300,24.4800,25.8200,13378162,333486082.3700,3,3.858877,1,-5.189776,54.669117,9.160751,-968.594629,5.416302,0
2019-04-12,sz.300451,24.6000,25.2500,24.3300,25.0700,24.4800,9141486,226857048.4300,3,2.636825,1,2.410131,55.986714,9.381538,-991.939025,5.546842,0
2019-04-15,sz.300451,25.4100,25.4700,24.3500,24.3700,25.0700,8855591,220398014.9600,3,2.554360,1,-2.792177,54.423463,9.119588,-964.242283,5.391964,0
2019-04-16,sz.300451,23.9700,24.7600,23.6600,24.6800,24.3700,10673381,257647877.3900,3,3.078694,1,1.272054,55.115760,9.235594,-976.507983,5.460553,0
2019-04-17,sz.300451,24.7400,24.9000,24.1000,24.2200,24.6800,10510606,256016804.0200,3,3.031742,1,-1.863861,54.088481,9.063456,-958.307267,5.358776,0
2019-04-18,sz.300451,24.2000,24.6600,24.0000,24.1800,24.2200,8092183,196862868.5000,3,2.334158,1,-0.165149,53.999152,9.048487,-956.724596,5.349926,0
2019-04-19,sz.300451,24.1500,24.2900,23.2300,23.7700,24.1800,10056771,237666063.2700,3,2.900835,1,-1.695616,53.083534,8.895060,-940.502219,5.259212,0
2019-04-22,sz.300451,23.9000,24.0000,23.1100,23.1700,23.7700,9860343,231665923.2600,3,2.844176,1,-2.524192,51.743604,8.670532,-916.762155,5.126459,0
2019-04-23,sz.300451,23.3800,23.7300,23.2400,23.3500,23.1700,7152294,167950532.7500,3,2.063051,1,0.776868,52.145583,8.737890,-923.884174,5.166285,0
2019-04-24,sz.300451,23.6500,24.4200,23.0200,24.2500,23.3500,11442794,271414891.0700,3,3.300628,1,3.854388,54.155477,9.074682,-959.494271,5.365414,0
2019-04-25,sz.300451,24.0300,24.1500,23.0500,23.0600,24.2500,7638556,179863856.4800,3,2.203311,1,-4.907219,51.497951,8.629368,-912.409809,5.102121,0
2019-04-26,sz.300451,23.2100,24.1800,23.2100,23.8000,23.0600,9393728,223382008.6500,3,2.708940,1,3.209019,50.106879,8.521552,583.563861,4.843233,0
2019-04-29,sz.300451,23.9100,24.6600,23.8000,23.8800,23.8000,11420571,275995026.5600,3,3.293435,1,0.336134,50.275306,8.550196,585.525420,4.859513,0
2019-04-30,sz.300451,23.8000,24.1600,23.3300,23.5600,23.8800,6649686,157558729.6200,3,1.917620,1,-1.340032,49.601600,8.435621,577.679184,4.794394,0
2019-05-06,sz.300451,22.0100,22.6000,21.2000,21.2000,23.5600,7591060,163998701.8200,3,2.189091,1,-10.016970,44.633018,7.590626,519.813187,4.314140,0
2019-05-07,sz.300451,21.2000,21.3700,20.5000,20.8900,21.2000,7291083,152502718.4600,3,2.102584,1,-1.462271,43.980366,7.479631,512.212145,4.251056,0
2019-05-08,sz.300451,20.4100,21.4800,20.3000,21.0100,20.8900,5395809,113698806.9000,3,1.556030,1,0.574442,44.233006,7.522597,515.154484,4.275476,0
2019-05-09,sz.300451,21.0000,21.6000,20.8100,21.2000,21.0100,5580200,118655633.0000,3,1.587848,1,0.904334,44.633018,7.590626,519.813187,4.314140,0
2019-05-10,sz.300451,21.3500,22.8700,21.3000,22.5700,21.2000,10582195,233094707.4300,3,3.011168,1,6.462259,47.517322,8.081153,553.404889,4.592931,0
2019-05-13,sz.300451,22.1900,23.0600,22.0800,22.6100,22.5700,5808899,131621673.8700,3,1.652925,1,0.177231,47.601535,8.095475,554.385668,4.601071,0
2019-05-14,sz.300451,22.3000,22.7500,22.0000,22.0400,22.6100,5922007,131894463.9100,3,1.685110,1,-2.521007,46.401497,7.891387,540.409559,4.485078,0
2019-05-15,sz.300451,22.2500,22.5800,22.0000,22.2000,22.0400,5773242,128510427.9900,3,1.642779,1,0.725952,46.738350,7.948675,544.332677,4.517637,0
2019-05-16,sz.300451,22.2200,22.2300,21.6000,21.8000,22.2000,6745613,147139099.8200,3,1.919467,1,-1.801809,45.896217,7.805455,534.524881,4.436239,0
2019-05-17,sz.300451,21.7800,22.1400,20.8000,20.8000,21.8000,7204880,154438457.4000,3,2.050152,1,-4.587156,43.790886,7.447407,510.005391,4.232741,0
2019-05-20,sz.300451,20.5700,21.3000,20.4900,21.0500,20.8000,6287404,131356186.2000,3,1.789084,1,1.201923,44.317219,7.536919,516.135264,4.283616,0
2019-05-21,sz.300451,21.2900,21.4100,20.5400,21.2400,21.0500,6607137,138941045.2400,3,1.880064,1,0.902615,44.717232,7.604948,520.793967,4.322280,0
2019-05-22,sz.300451,21.1800,21.8000,20.9500,21.4300,21.2400,5855736,125251224.9400,3,1.666252,1,0.894541,45.117245,7.672978,525.452670,4.360945,0
2019-05-23,sz.300451,21.4200,21.5000,20.1000,20.2000,21.4300,6544182,136026779.7800,3,1.862150,1,-5.739615,42.527687,7.232578,495.293697,4.110643,0
2019-05-24,sz.300451,20.0600,20.8500,20.0600,20.6700,20.2000,6848046,140863360.8800,3,1.948615,1,2.326729,43.517193,7.400861,506.817858,4.206287,0
2019-05-27,sz.300451,20.6300,21.4500,20.4500,21.3000,20.6700,6279114,132905263.0800,3,1.786725,1,3.047892,44.843552,7.626431,522.265136,4.334490,0
2019-05-28,sz.300451,21.3000,21.6800,21.1000,21.1500,21.3000,5695500,121803032.0000,3,1.620657,1,-0.704224,44.527752,7.572724,518.587213,4.303965,0
2019-05-29,sz.300451,21.0200,21.3000,20.8400,20.9100,21.1500,4447238,93532387.2800,3,1.265464,1,-1.134751,44.022472,7.486792,512.702535,4.255126,0
2019-05-30,sz.300451,20.7800,20.8400,19.9300,20.3500,20.9100,6070700,123184304.0000,3,1.727420,1,-2.678142,42.843487,7.286285,498.971621,4.141168,0
2019-05-31,sz.300451,20.3600,20.5200,19.8500,20.1000,20.3500,5379003,108481561.6300,3,1.530598,1,-1.228501,42.317154,7.196773,492.841748,4.090293,0
2019-06-03,sz.300451,20.1000,20.3400,19.7000,19.7900,20.1000,4520708,90182120.9600,3,1.286370,1,-1.542286,41.664502,7.085778,485.240706,4.027209,0
2019-06-04,sz.300451,19.8000,20.0800,19.1100,19.4200,19.7900,5396400,105864622.0000,3,1.535548,1,-1.869635,40.885529,6.953300,476.168495,3.951915,0
2019-06-05,sz.300451,19.8000,19.8800,19.4700,19.6200,19.4200,5207680,102560412.1600,3,1.481848,1,1.029870,41.306595,7.024910,481.072393,3.992615,0
2019-06-06,sz.300451,19.6900,20.2700,19.2000,19.9300,19.6200,6223800,124121629.0000,3,1.770985,1,1.580018,41.959248,7.135905,488.673435,4.055699,0
2019-06-10,sz.300451,20.0300,20.2500,19.5700,20.0500,19.9300,4362762,87210256.2200,3,1.241426,1,0.602102,42.211888,7.178871,491.615774,4.080119,0
2019-06-11,sz.300451,20.0000,21.2500,19.8500,21.2000,20.0500,9441652,196654299.0000,3,2.686626,1,5.735669,44.633018,7.590626,519.813187,4.314140,0
2019-06-12,sz.300451,21.1500,21.5200,21.0200,21.3300,21.2000,5322866,113293408.1800,3,1.514624,1,0.613204,44.906712,7.637173,523.000721,4.340595,0
2019-06-13,sz.300451,20.8700,21.8600,20.7800,21.3900,21.3300,8394434,180026766.8200,3,2.388640,1,0.281292,45.033449,7.658727,524.476751,4.352845,0
2019-06-14,sz.300451,21.3900,21.7400,21.0700,21.4000,21.3900,5012200,106926756.9000,3,1.426224,1,0.046752,45.054502,7.662307,524.721948,4.354880,0
2019-06-17,sz.300451,21.6000,21.6000,20.7900,21.2000,21.4000,4240589,89725532.0600,3,1.206646,1,-0.934574,44.633432,7.590697,519.818005,4.314180,0
2019-06-18,sz.300451,21.1800,21.5800,21.0000,21.2800,21.2000,2884400,61371534.0000,3,0.820747,1,0.377358,44.801860,7.619341,521.779582,4.330460,0
2019-06-19,sz.300451,21.7700,22.2600,21.6000,21.6500,21.2800,7009574,154056194.6000,3,1.994552,1,1.738717,45.580840,7.751820,530.851878,4.405755,0
2019-06-20,sz.300451,21.6000,22.4700,21.5000,22.4400,21.6500,6502825,143990294.7900,3,1.850358,1,3.648965,47.244067,8.034681,550.222454,4.566519,0
2019-06-21,sz.300451,22.6600,23.1900,22.6600,22.9900,22.4400,7792206,178570378.1600,3,2.217247,1,2.450977,48.402010,8.231609,563.708299,4.678444,0
2019-06-24,sz.300451,22.8000,23.3800,22.5000,22.8900,22.9900,4559067,104722965.3000,3,1.297268,1,-0.434973,48.191475,8.195804,561.256327,4.658094,0
2019-06-25,sz.300451,15.2800,15.3900,14.6900,15.3300,15.2300,8163364,122743429.6800,3,1.548578,1,0.656601,48.412385,8.233374,563.829130,4.679446,0
2019-06-26,sz.300451,15.1500,15.2800,15.0000,15.0800,15.3300,6461902,97682120.6600,3,1.225813,1,-1.630789,47.622881,8.099105,554.634265,4.603135,0
2019-06-27,sz.300451,15.2900,15.6000,15.0000,15.4100,15.0800,8578976,131161947.4900,3,1.627419,1,2.188329,48.665026,8.276340,566.771487,4.703866,0
2019-06-28,sz.300451,15.3900,15.3900,14.8700,14.9500,15.4100,6598129,99124992.6100,3,1.251655,1,-2.985075,47.212339,8.029285,549.852935,4.563452,0
2019-07-01,sz.300451,15.3500,15.8800,15.0500,15.1800,14.9500,14473816,222804412.1500,3,2.745661,1,1.538465,47.938682,8.152812,558.312211,4.633659,0
2019-07-02,sz.300451,15.2000,15.7600,15.0800,15.7200,15.1800,13812208,213348304.3200,3,2.620155,1,3.557312,49.644011,8.442833,578.173120,4.798493,0
2019-07-03,sz.300451,15.6000,16.2600,15.4600,15.6200,15.7200,13054026,206114839.0900,3,2.476329,1,-0.636135,49.328209,8.389126,574.495174,4.767968,0
2019-07-04,sz.300451,15.8900,15.8900,15.1400,15.4600,15.6200,8108528,124613064.2300,3,1.538175,1,-1.024327,48.822927,8.303194,568.610460,4.719129,0
2019-07-05,sz.300451,15.3300,15.5300,15.2300,15.4000,15.4600,5007891,77243091.0200,3,0.948840,1,-0.388101,48.633446,8.270969,566.403692,4.700814,0
2019-07-08,sz.300451,15.4400,15.4500,14.6300,14.8200,15.4000,8849676,131948480.9800,3,1.676739,1,-3.766233,46.801797,7.959465,545.071605,4.523770,0
2019-07-09,sz.300451,15.0000,15.3400,14.6700,14.8300,14.8200,11943071,178907051.2900,3,2.262841,1,0.067478,46.833377,7.964836,545.439400,4.526823,0
2019-07-10,sz.300451,15.0300,15.1000,14.7200,14.9000,14.8300,8121612,121515299.7200,3,1.538793,1,0.472014,47.054438,8.002431,548.013962,4.548190,0
2019-07-11,sz.300451,15.0400,15.0700,14.3900,14.6400,14.9000,9702109,143264889.8900,3,1.838249,1,-1.744962,46.233354,7.862791,538.451302,4.468826,0
2019-07-12,sz.300451,14.7700,15.1400,14.5500,14.7200,14.6400,12579496,186828956.0400,3,2.383424,1,0.546448,46.485995,7.905757,541.393659,4.493245,0
2019-07-15,sz.300451,14.8100,15.7900,14.4100,15.5700,14.7200,22172346,339154248.8700,3,4.200971,1,5.774453,49.170308,8.362272,572.656201,4.752706,0
2019-07-16,sz.300451,15.6500,16.0000,15.5300,15.6900,15.5700,14348846,225441199.4800,3,2.718661,1,0.770712,49.549270,8.426721,577.069736,4.789336,0
2019-07-17,sz.300451,15.5500,15.8500,15.3500,15.4700,15.6900,12546420,195056569.3900,3,2.377157,1,-1.402163,48.854507,8.308564,568.978254,4.722181,0
2019-07-18,sz.300451,15.3500,15.3800,14.9700,14.9700,15.4700,8593709,130126405.1900,3,1.628241,1,-3.232062,47.275499,8.040026,550.588524,4.569557,0
2019-07-19,sz.300451,15.0800,15.1100,14.7200,14.7800,14.9700,10637560,158578482.8500,3,2.015487,1,-1.269209,46.675476,7.937982,543.600427,4.511560,0
2019-07-22,sz.300451,14.8800,14.8800,13.9400,13.9700,14.7800,15507725,219987748.5800,3,2.938233,1,-5.480375,44.117483,7.502951,513.809064,4.264310,0
2019-07-23,sz.300451,13.9200,14.1600,13.8600,14.1100,13.9700,11584572,162349123.2900,3,2.194917,1,1.002143,44.559605,7.578141,518.958188,4.307044,0
2019-07-24,sz.300451,14.1100,14.6600,14.1100,14.4800,14.1100,8932034,129203016.9400,3,1.692343,1,2.622253,45.728071,7.776859,532.566589,4.419986,0
2019-07-25,sz.300451,14.5800,14.6500,14.3500,14.4600,14.4800,6194766,89669851.7400,3,1.173716,1,-0.138118,45.664911,7.766118,531.830999,4.413881,0
2019-07-26,sz.300451,14.5000,14.5000,14.0600,14.2000,14.4600,10782029,153045223.7900,3,2.042800,1,-1.798100,44.845047,7.626685,522.282548,4.334635,0
2019-07-29,sz.300451,14.1900,14.2700,13.8800,14.0900,14.2000,9720003,136405575.1600,3,1.781086,1,-0.774645,44.497655,7.567606,518.236697,4.301056,0
2019-07-30,sz.300451,14.1200,14.8100,14.0700,14.6400,14.0900,14441555,209987413.8000,3,2.646300,1,3.903500,46.234611,7.863005,538.465951,4.468947,0
2019-07-31,sz.300451,14.7000,14.7000,14.4300,14.4700,14.6400,6705210,97391698.9700,3,1.228700,1,-1.161200,45.697734,7.771700,532.213273,4.417054,0
2019-08-01,sz.300451,14.4000,15.0400,14.3000,14.8500,14.4700,13923649,206210509.6900,3,2.551400,1,2.626100,46.897813,7.975794,546.189848,4.533051,0
2019-08-02,sz.300451,14.3200,15.1600,14.3200,15.0900,14.8500,15006394,223492322.2500,3,2.749800,1,1.616200,47.655757,8.104696,555.017159,4.606312,0
2019-08-05,sz.300451,15.0200,15.5300,14.8800,15.2600,15.0900,19770880,302499028.7400,3,3.622800,1,1.126600,48.192635,8.196001,561.269837,4.658206,0
2019-08-06,sz.300451,14.9600,15.4000,14.5000,15.3700,15.2600,14235975,213235225.8900,3,2.608600,1,0.720800,48.540026,8.255081,565.315688,4.691784,0
2019-08-07,sz.300451,15.4200,15.5800,15.0000,15.0300,15.3700,12733928,195067065.6400,3,2.333400,1,-2.212100,47.466271,8.072471,552.810331,4.587997,0
2019-08-08,sz.300451,15.0500,15.3700,14.8900,15.0300,15.0300,9595200,144789458.4400,3,1.758200,1,0.000000,47.466271,8.072471,552.810331,4.587997,0
2019-08-09,sz.300451,15.1200,15.1900,14.4700,14.5800,15.0300,11315809,166947607.1100,3,2.073500,1,-2.994000,46.045125,7.830780,536.259123,4.450632,0
2019-08-12,sz.300451,14.6700,14.9900,14.5000,14.9700,14.5800,9155572,134931589.3200,3,1.677700,1,2.674900,47.276785,8.040245,550.603503,4.569682,0
2019-08-13,sz.300451,14.8000,14.8000,14.1100,14.3200,14.9700,16336344,234563699.0300,3,2.993500,1,-4.342000,45.224019,7.691136,526.696203,4.371265,0
2019-08-14,sz.300451,14.5400,14.6000,14.2900,14.3900,14.3200,9632546,138970216.1700,3,1.765100,1,0.488800,45.445086,7.728733,529.270836,4.392633,0
2019-08-15,sz.300451,13.9300,14.8500,13.9100,14.7900,14.3900,12555027,181522058.6100,3,2.300600,1,2.779700,46.708327,7.943569,543.983020,4.514736,0
2019-08-16,sz.300451,14.7000,15.1200,14.6300,15.0300,14.7900,14154838,211262784.6100,3,2.593700,1,1.622700,47.466271,8.072471,552.810331,4.587997,0
2019-08-19,sz.300451,15.1500,15.8300,15.1000,15.5100,15.0300,23226181,361716577.4800,3,4.255900,1,3.193600,48.982160,8.330274,570.464952,4.734520,0
2019-08-20,sz.300451,15.6000,15.8800,15.4800,15.5800,15.5100,17087405,267723837.8300,3,3.131100,1,0.451300,49.203227,8.367870,573.039584,4.755888,0
2019-08-21,sz.300451,15.6900,15.8600,15.4200,15.6800,15.5800,14064493,220026660.1100,3,2.577200,1,0.641900,49.519037,8.421579,576.717631,4.786413,0
2019-08-22,sz.300451,15.8300,16.0300,15.6400,15.8700,15.6800,15863665,251327527.7400,3,2.906800,1,1.211700,50.119077,8.523627,583.705918,4.844412,0
2019-08-23,sz.300451,15.8800,15.9200,15.2800,15.4900,15.8700,18082111,280834821.7500,3,3.313400,1,-2.394500,48.918998,8.319532,569.729343,4.728415,0
2019-08-26,sz.300451,15.1600,15.8100,15.1600,15.6100,15.4900,14764746,230128604.9600,3,2.705500,1,0.774700,49.297970,8.383983,574.142998,4.765045,0
2019-08-27,sz.300451,15.7800,16.7500,15.7500,16.5900,15.6100,27074839,443336365.1300,3,4.961200,1,6.278000,52.392910,8.910332,610.187850,5.064196,0
2019-08-28,sz.300451,16.7000,16.8200,16.3600,16.5300,16.5900,16380202,271336635.5100,3,3.001500,1,-0.361700,52.203424,8.878106,607.981023,5.045881,0
2019-08-29,sz.300451,16.6600,16.7400,16.2700,16.5900,16.5300,14189814,234127654.0100,3,2.600100,1,0.363000,52.392910,8.910332,610.187850,5.064196,0
2019-08-30,sz.300451,16.7500,16.7900,15.6000,15.9700,16.5900,20265813,327817861.6800,3,3.713500,1,-3.737200,42.043708,8.445025,-139.555183,4.785617,0
2019-09-02,sz.300451,16.1100,17.3000,16.0000,17.2200,15.9700,28269256,475278663.1500,3,5.180000,1,7.827200,45.334543,9.106032,-150.478412,5.160196,0
2019-09-03,sz.300451,17.0800,17.3300,16.8500,17.0200,17.2200,18299426,311406428.9300,3,3.353200,1,-1.161400,44.808010,9.000271,-148.730696,5.100263,0
2019-09-04,sz.300451,17.0000,17.2000,16.6300,17.0000,17.0200,16731708,282470344.6600,3,3.065900,1,-0.117500,44.755356,8.989695,-148.555924,5.094270,0
2019-09-05,sz.300451,17.3300,17.5500,16.8600,17.0800,17.0000,26817979,460699286.1500,3,4.914100,1,0.470600,44.965970,9.031999,-149.255011,5.118243,0
2019-09-06,sz.300451,17.1200,17.3000,16.8000,17.0700,17.0800,14615773,249203842.2200,3,2.678200,1,-0.058500,44.939643,9.026711,-149.167625,5.115247,0
2019-09-09,sz.300451,17.2500,17.8000,17.0200,17.6800,17.0700,18935584,330672036.1900,3,3.469700,1,3.573500,46.545571,9.349282,-154.498161,5.298041,0
2019-09-10,sz.300451,17.6000,17.8000,17.3000,17.3400,17.6800,14425192,252187342.6200,3,2.643300,1,-1.923100,45.650463,9.169489,-151.527042,5.196156,0
2019-09-11,sz.300451,17.5300,17.6100,16.9000,17.0300,17.3400,16014000,275084442.2700,3,2.934400,1,-1.787800,44.834336,9.005559,-148.818081,5.103260,0
2019-09-12,sz.300451,17.0900,17.3800,16.8000,17.1500,17.0300,14097457,240795663.9700,3,2.583200,1,0.704600,45.150257,9.069015,-149.866711,5.139220,0
2019-09-16,sz.300451,16.9000,17.2000,16.7600,16.9100,17.1500,12235731,207310193.7300,3,2.242100,1,-1.399400,44.518416,8.942102,-147.769451,5.067301,0
2019-09-17,sz.300451,16.9800,17.0300,16.1800,16.5300,16.9100,14510548,240843719.5000,3,2.658900,1,-2.247200,43.518002,8.741156,-144.448790,4.953429,0
2019-09-18,sz.300451,16.5900,16.6200,16.1500,16.3000,16.5300,10177246,166545638.2200,3,1.864900,1,-1.391400,42.912489,8.619531,-142.438915,4.884506,0
2019-09-19,sz.300451,16.4800,16.6400,16.2500,16.6300,16.3000,8811893,145096848.1700,3,1.614700,1,2.024500,43.781269,8.794037,-145.322648,4.983395,0
2019-09-20,sz.300451,16.6800,16.9200,16.5200,16.7700,16.6300,13164079,220719345.9900,3,2.412200,1,0.841900,44.149843,8.868069,-146.546050,5.025348,0
2019-09-23,sz.300451,16.5400,16.7600,15.6800,16.0800,16.7700,23055889,368762957.6600,3,4.224700,1,-4.114500,42.333302,8.503194,-140.516427,4.818580,0
2019-09-24,sz.300451,16.1300,17.3600,16.1300,17.0500,16.0800,32361109,549351610.6800,3,5.927400,1,6.032300,44.900774,9.018904,-149.038607,5.110822,0
2019-09-25,sz.300451,17.0300,17.4700,16.7000,16.9600,17.0500,19878424,338326948.2000,3,3.641000,1,-0.527900,44.663761,8.971297,-148.251893,5.083844,0
2019-09-26,sz.300451,16.9600,17.3600,16.0600,16.0600,16.9600,22032964,368912974.2400,3,4.035700,1,-5.306600,42.293632,8.495225,-140.384752,4.814065,0
2019-09-27,sz.300451,16.0900,17.6500,16.0300,17.4000,16.0600,34594639,591052751.7700,3,6.336500,1,8.343700,45.822491,9.204042,-152.098050,5.215737,0
2019-09-30,sz.300451,17.3700,17.6400,16.9500,17.4200,17.4000,24192354,419384645.0100,3,4.431200,1,0.114900,45.875160,9.214622,-152.272875,5.221732,0
2019-10-08,sz.300451,17.5000,17.8200,16.7500,16.8500,17.4200,23739932,408531261.0500,3,4.348300,1,-3.272100,44.374079,8.913110,-147.290353,5.050871,0
2019-10-09,sz.300451,16.8100,16.9600,16.3200,16.7000,16.8500,16514154,274279811.3700,3,3.024800,1,-0.890200,43.979057,8.833765,-145.979163,5.005908,0
2019-10-10,sz.300451,16.8100,17.1400,16.4800,17.0800,16.7000,18342636,309132690.2500,3,3.359700,1,2.275400,44.979778,9.034773,-149.300845,5.119815,0
2019-10-11,sz.300451,17.1000,17.1800,16.7300,17.1400,17.0800,14298397,243175568.2700,3,2.619000,1,0.351300,45.137787,9.066511,-149.825321,5.137800,0
2019-10-14,sz.300451,17.3900,17.8300,17.0700,17.8300,17.1400,23588258,412146860.7600,3,4.320500,1,4.025700,46.954885,9.431499,-155.856795,5.344631,0
2019-10-15,sz.300451,17.5000,17.7000,16.9000,17.1000,17.8300,25613049,440783492.9400,3,4.691400,1,-4.094200,45.032448,9.045352,-149.475670,5.125810,0
2019-10-16,sz.300451,17.1400,17.8800,16.9300,17.7100,17.1000,24587435,430746347.2400,3,4.503500,1,3.567200,46.638868,9.368023,-154.807843,5.308661,0
2019-10-17,sz.300451,17.6900,18.4400,17.6000,18.2900,17.7100,26885090,487918766.5000,3,4.924400,1,3.275000,48.166285,9.674824,-159.877778,5.482518,0
2019-10-18,sz.300451,18.0500,18.4200,17.8800,18.2200,18.2900,14608256,264660863.0800,3,2.675700,1,-0.382700,47.981941,9.637796,-159.265889,5.461536,0
2019-10-21,sz.300451,18.3300,18.3300,17.5100,17.9100,18.2200,15287027,271703564.5200,3,2.800000,1,-1.701400,47.165564,9.473816,-156.556096,5.368612,0
2019-10-22,sz.300451,17.6500,18.1800,17.5800,18.1600,17.9100,14887377,266993889.9700,3,2.726800,1,1.395900,46.274164,9.233363,-155.118956,5.307770,0
2019-10-23,sz.300451,18.1000,18.1500,17.6100,17.7900,18.1600,12962030,232278406.7700,3,2.374200,1,-2.037400,45.331354,9.045238,-151.958493,5.199627,0
2019-10-24,sz.300451,17.8000,17.8200,17.1900,17.4400,17.7900,13286563,232221361.4200,3,2.433600,1,-1.967400,44.439506,8.867282,-148.968865,5.097330,0
2019-10-25,sz.300451,17.5000,18.5500,17.3600,18.4700,17.4400,24269803,439218432.3300,3,4.445400,1,5.906000,47.064087,9.390981,-157.766912,5.398376,0
2019-10-28,sz.300451,18.9500,18.9500,18.2000,18.6000,18.4700,23042864,428269559.8200,3,4.220600,1,0.703800,47.395345,9.457079,-158.877345,5.436372,0
2019-10-29,sz.300451,18.6400,19.2500,18.3900,18.4100,18.6000,22050921,413449259.1400,3,4.038900,1,-1.021500,46.911199,9.360474,-157.254404,5.380840,0
2019-10-30,sz.300451,18.2200,18.6400,17.8500,18.1600,18.4100,13858782,253102241.6800,3,2.538400,1,-1.358000,46.274164,9.233363,-155.118956,5.307770,0
2019-10-31,sz.300451,18.1600,18.5000,17.9000,18.0600,18.1600,11246999,203491988.0600,3,2.060000,1,-0.550700,46.019351,9.182518,-154.264777,5.278542,0
2019-11-01,sz.300451,18.0100,18.4700,17.9200,18.2600,18.0600,9840187,179367637.3700,3,1.802400,1,1.107400,46.528978,9.284207,-155.973136,5.336998,0
2019-11-04,sz.300451,18.1800,18.7000,18.1500,18.4600,18.2600,11901136,219899515.9800,3,2.179900,1,1.095300,47.038605,9.385896,-157.681494,5.395454,0
2019-11-05,sz.300451,18.4300,18.4400,17.9300,18.3800,18.4600,14428395,262522595.1100,3,2.642800,1,-0.433400,46.834754,9.345221,-156.998151,5.372071,0
2019-11-06,sz.300451,18.2800,18.5500,18.0300,18.4400,18.3800,10166239,185816895.8500,3,1.862100,1,0.326400,46.987643,9.375727,-157.510658,5.389608,0
2019-11-07,sz.300451,18.4300,19.3000,18.4300,19.0800,18.4400,20851633,396075934.5700,3,3.819300,1,3.470700,48.618450,9.701132,-162.977406,5.576666,0
2019-11-08,sz.300451,18.9400,19.5000,18.7000,18.7800,19.0800,14642010,277517144.3900,3,2.681900,1,-1.572300,47.854009,9.548599,-160.414868,5.488983,0
2019-11-11,sz.300451,18.0000,18.5700,17.3700,17.6400,18.7800,24007922,432853937.2300,3,4.397400,1,-6.070300,44.949133,8.968971,-150.677224,5.155785,0
2019-11-12,sz.300451,17.6500,17.9600,17.4500,17.7000,17.6400,10981623,194080814.2200,3,2.011400,1,0.340100,45.102021,8.999478,-151.189732,5.173322,0
2019-11-13,sz.300451,17.6700,17.8500,17.2200,17.4900,17.7000,10335333,180704301.3000,3,1.893100,1,-1.186400,44.566913,8.892705,-149.395955,5.111944,0
2019-11-14,sz.300451,17.4200,18.2000,17.4200,18.1200,17.4900,16185462,291319646.5600,3,2.964600,1,3.602100,46.172239,9.213025,-154.777285,5.296079,0
2019-11-15,sz.300451,18.0900,18.1900,17.6000,17.6000,18.1200,10270834,183640667.1300,3,1.881200,1,-2.869800,44.847208,8.948634,-150.335552,5.144094,0
2019-11-18,sz.300451,17.8800,18.0600,17.2800,17.3300,17.6000,14721583,258622850.2200,3,2.696500,1,-1.534100,44.159211,8.811353,-148.029268,5.065179,0
2019-11-19,sz.300451,17.4000,18.3500,17.3500,18.0300,17.3300,23334690,419748890.3400,3,4.274100,1,4.039200,45.942907,9.167265,-154.008523,5.269774,0
2019-11-20,sz.300451,17.9200,18.4800,17.9200,18.1800,18.0300,19017274,347094407.1300,3,3.483300,1,0.831900,46.325127,9.243532,-155.289792,5.313616,0
2019-11-21,sz.300451,17.9700,18.3200,17.9600,18.1000,18.1800,8634596,156523241.6200,3,1.581500,1,-0.440000,46.121276,9.202856,-154.606449,5.290233,0
2019-11-22,sz.300451,18.1700,18.5500,17.5900,17.6900,18.1000,18069531,325785555.1900,3,3.309700,1,-2.265200,45.076540,8.994394,-151.104314,5.170399,0
2019-11-25,sz.300451,17.6700,17.7900,16.5500,16.8600,17.6900,23417900,396511476.8200,3,4.289300,1,-4.691900,42.961586,8.572384,-144.014626,4.927809,0
2019-11-26,sz.300451,16.9000,17.0700,16.5800,16.5900,16.8600,9468746,158620811.3300,3,1.734300,1,-1.601400,42.273590,8.435104,-141.708342,4.848893,0
2019-11-27,sz.300451,16.7000,16.7300,16.5200,16.5900,16.5900,7933194,131894861.4800,3,1.453100,1,0.000000,42.273590,8.435104,-141.708342,4.848893,0
2019-11-28,sz.300451,16.5800,16.6500,16.1900,16.5000,16.5900,8767507,144014495.4800,3,1.605900,1,-0.542500,42.044257,8.389344,-140.939580,4.822588,0
2019-11-29,sz.300451,16.5100,16.6300,16.2300,16.5500,16.5000,6771375,111394758.6800,3,1.240300,1,0.303000,42.171664,8.414766,-141.366670,4.837202,0
2019-12-02,sz.300451,16.5500,17.0800,16.5000,16.7400,16.5500,8904547,149851260.4400,3,1.631000,1,1.148000,42.655810,8.511371,-142.989611,4.892735,0
2019-12-03,sz.300451,16.6800,17.1300,16.3100,16.9500,16.7400,10593498,177542551.5600,3,1.940300,1,1.254500,43.190919,8.618144,-144.783387,4.954114,0
2019-12-04,sz.300451,16.9700,17.6400,16.8000,17.5000,16.9500,13678186,237047678.1800,3,2.505000,1,3.244800,44.596974,8.898703,-149.496725,5.115392,0
2019-12-05,sz.300451,17.5900,18.3400,17.5000,18.2600,17.5000,24336126,440640998.5400,3,4.456900,1,4.342900,47.251436,9.428364,-158.394938,5.419866,0
2019-12-06,sz.300451,18.3900,18.4500,17.9300,18.2000,18.2600,14311562,259135595.5900,3,2.621000,1,-0.328600,47.096174,9.397383,-157.874473,5.402057,0
2019-12-09,sz.300451,18.2000,18.3800,17.8400,18.0200,18.2000,13781669,247925387.2800,3,2.524000,1,-0.989000,46.630387,9.304442,-156.313077,5.348630,0
2019-12-10,sz.300451,18.0600,18.3000,17.9200,18.0700,18.0200,12116449,218678118.9400,3,2.219000,1,0.277500,46.759772,9.330259,-156.746798,5.363471,0
2019-12-11,sz.300451,18.0400,18.2500,17.9000,18.0700,18.0700,7698280,139113303.5100,3,1.409900,1,0.000000,46.759772,9.330259,-156.746798,5.363471,0
2019-12-12,sz.300451,18.0600,18.4100,17.7800,18.2500,18.0700,14453895,260994279.6800,3,2.647100,1,0.996100,47.225559,9.423200,-158.308194,5.416898,0
2019-12-13,sz.300451,18.4000,18.8500,18.2200,18.3900,18.2500,15590916,287420917.7700,3,2.855300,1,0.767100,47.587837,9.495488,-159.522613,5.458452,0
2019-12-16,sz.300451,18.4000,19.0200,18.3900,18.8800,18.3900,15444166,288925766.2800,3,2.828400,1,2.664500,48.848085,9.746953,-163.747180,5.603006,0
2019-12-17,sz.300451,18.9200,19.6200,18.6000,19.4500,18.8800,22248469,424951286.1900,3,4.074600,1,3.019100,50.322842,10.041220,-168.690819,5.772164,0
2019-12-18,sz.300451,19.3700,19.4900,19.0900,19.2400,19.4500,11264860,216896497.2800,3,2.063000,1,-1.079700,49.779510,9.932806,-166.869478,5.709843,0
2019-12-19,sz.300451,19.0600,19.2400,18.8200,19.0700,19.2400,8767987,166678176.8300,3,1.605800,1,-0.883600,49.339670,9.845042,-165.395060,5.659392,0
2019-12-20,sz.300451,19.0200,19.1200,18.6100,18.8100,19.0700,10928992,205865351.8200,3,2.001500,1,-1.363400,48.666974,9.710815,-163.140067,5.582232,0
2019-12-23,sz.300451,18.4300,18.5100,17.9900,17.9900,18.8100,10178816,185442637.1900,3,1.864100,1,-4.359400,46.545394,9.287483,-156.028166,5.338881,0
2019-12-24,sz.300451,18.1300,18.1700,17.8300,18.0600,17.9900,8258100,148324353.2900,3,1.512400,1,0.389100,46.726505,9.323621,-156.635279,5.359655,0
2019-12-25,sz.300451,18.0500,18.3500,17.8800,18.2600,18.0600,11020563,199403996.2300,3,2.018300,1,1.107400,47.243963,9.426873,-158.369889,5.419009,0
2019-12-26,sz.300451,18.2400,18.2500,17.9500,18.1500,18.2600,5916237,107122547.7100,3,1.083500,1,-0.602400,46.959361,9.370084,-157.415854,5.386364,0
2019-12-27,sz.300451,18.1500,18.4300,17.3100,17.4200,18.1500,19401842,344931948.9700,3,3.553200,1,-4.022000,45.070638,8.993216,-151.084528,5.169722,0
2019-12-30,sz.300451,17.2800,17.7900,17.0300,17.5700,17.4200,10968671,191559820.3100,3,2.008800,1,0.861100,45.458731,9.070655,-152.385485,5.214238,0
2019-12-31,sz.300451,17.5600,17.9500,17.5100,17.9400,17.5700,9602182,170640214.6200,3,1.758500,1,2.105900,46.416030,9.261670,-155.594513,5.324042,0
2020-01-02,sz.300451,17.9700,18.1000,17.7500,17.8600,17.9400,13393698,240159014.1600,3,2.452900,1,-0.445900,46.209046,9.220369,-154.900669,5.300301,0
2020-01-03,sz.300451,17.9300,18.0300,17.7600,17.7600,17.8600,8087892,144377065.6400,3,1.481200,1,-0.559900,45.950317,9.168744,-154.033364,5.270624,0
2020-01-06,sz.300451,17.6600,17.9500,17.4600,17.9300,17.7600,15705812,278858857.6200,3,2.876300,1,0.957200,46.390157,9.256508,-155.507783,5.321075,0
2020-01-07,sz.300451,17.7700,18.2300,17.6000,18.1800,17.9300,15976051,286916325.4500,3,2.925800,1,1.394300,47.036980,9.385572,-157.676045,5.395267,0
2020-01-08,sz.300451,18.1000,18.4500,18.0000,18.1600,18.1800,14157002,258357369.9800,3,2.592700,1,-0.110000,46.985234,9.375247,-157.502584,5.389332,0
2020-01-09,sz.300451,18.2000,18.7800,18.2000,18.6800,18.1600,16364511,303726127.3200,3,2.975100,1,2.863400,48.330626,9.643701,-162.012570,5.543652,0
2020-01-10,sz.300451,18.6800,18.9500,18.4300,18.6000,18.6800,11595832,216261382.2700,3,2.108100,1,-0.428300,48.123643,9.602400,-161.318726,5.519910,0
2020-01-13,sz.300451,18.5600,18.8000,18.3300,18.7200,18.6000,12157453,225617707.0000,3,2.210300,1,0.645200,48.434118,9.664351,-162.359492,5.555523,0
2020-01-14,sz.300451,18.6800,19.0000,18.5800,18.9500,18.7200,13910373,262328953.2000,3,2.528900,1,1.228600,49.029195,9.783091,-164.354294,5.623780,0
2020-01-15,sz.300451,18.9300,18.9300,18.6000,18.8100,18.9500,8478383,159099593.8000,3,1.541400,1,-0.738800,48.666974,9.710815,-163.140067,5.582232,0
2020-01-16,sz.300451,18.9200,19.2600,18.7600,18.7800,18.8100,13481429,255901899.4500,3,2.451000,1,-0.159500,48.589356,9.695327,-162.879875,5.573329,0
2020-01-17,sz.300451,18.9900,19.3200,18.7200,19.0100,18.7800,18661896,355589891.7400,3,3.392800,1,1.224700,49.184433,9.814066,-164.874677,5.641586,0
2020-01-20,sz.300451,19.2800,19.2800,18.2500,18.7800,19.0100,20642066,384392470.0100,3,3.752800,1,-1.209900,48.589356,9.695327,-162.879875,5.573329,0
2020-01-21,sz.300451,18.7700,19.3300,18.6100,19.0000,18.7800,17505275,333983540.0700,3,3.182500,1,1.171500,49.158560,9.808904,-164.787946,5.638618,0
2020-01-22,sz.300451,19.4000,20.2400,18.9300,19.9700,19.0000,33479253,653706234.8500,3,6.086600,1,5.105300,51.668234,10.309674,-173.200805,5.926484,0
2020-01-23,sz.300451,19.8000,20.4100,18.5300,19.1700,19.9700,31041952,602053203.4000,3,5.643500,1,-4.006000,49.598400,9.896668,-166.262365,5.689069,0
2020-02-03,sz.300451,17.2800,19.1400,17.2800,17.9800,19.1700,28235220,512467600.4300,3,5.133200,1,-6.207600,46.519521,9.282320,-155.941435,5.335913,0
2020-02-04,sz.300451,18.5400,19.7800,18.0300,19.7800,17.9800,22169623,420403448.9200,3,4.030500,1,10.011100,51.176648,10.211585,-171.552925,5.870098,0
2020-02-05,sz.300451,20.5800,21.7600,20.3300,21.0600,19.7800,53622425,1131360382.8900,3,9.748700,1,6.471200,54.488383,10.872395,-182.654429,6.249963,0
2020-02-06,sz.300451,21.4500,23.0000,21.2000,22.5400,21.0600,52324676,1166407216.4800,3,9.512700,1,7.027500,58.317576,11.636457,-195.490543,6.689182,0
2020-02-07,sz.300451,22.5100,23.2000,21.8900,22.7800,22.5400,35122170,791456677.0800,3,6.385300,1,1.064800,58.938526,11.760359,-197.572074,6.760406,0
2020-02-10,sz.300451,23.8000,24.4400,22.8100,23.5800,22.7800,42293223,1002220870.0200,3,7.689000,1,3.511800,61.008360,12.173366,-204.510514,6.997822,0
2020-02-11,sz.300451,23.0000,23.8800,22.7500,23.3300,23.5800,21143491,492359644.1400,3,3.843900,1,-1.060200,60.361537,12.044301,-202.342252,6.923629,0
2020-02-12,sz.300451,23.2800,25.6600,23.0500,25.6600,23.3300,40413539,1011899708.8000,3,7.347300,1,9.987100,66.389929,13.247183,-222.550458,7.615102,0
2020-02-13,sz.300451,25.6900,26.9000,24.0100,24.5000,25.6600,46822853,1175593489.9200,3,8.512500,1,-4.520700,63.388669,12.648323,-212.489720,7.270849,0
2020-02-14,sz.300451,24.1800,24.4900,23.2500,23.3700,24.5000,30629486,727939068.0700,3,5.568500,1,-4.612200,60.465029,12.064952,-202.689174,6.935500,0
2020-02-17,sz.300451,24.0000,25.1900,23.8500,24.9200,23.3700,31563231,776588851.0000,3,5.738300,1,6.632400,64.475332,12.865152,-216.132401,7.395493,0
2020-02-18,sz.300451,24.8300,25.3000,24.6000,25.2200,24.9200,24425772,609680667.7600,3,4.440700,1,1.203800,65.251520,13.020029,-218.734316,7.484523,0
2020-02-19,sz.300451,24.9000,26.1800,24.4100,24.8300,25.2200,22407265,563362729.7900,3,4.073700,1,-1.546400,65.251520,13.020029,-218.734316,7.484523,0
2020-02-20,sz.300451,24.7100,25.0800,23.8800,24.6900,24.8300,29229134,715395970.4300,3,5.313900,1,-0.563800,63.880255,12.746412,-214.137600,7.327236,0
2020-02-21,sz.300451,24.6800,25.6400,24.4900,25.0500,24.6900,23812976,599980892.8500,3,4.329300,1,1.458100,64.811680,12.932265,-217.259897,7.434073,0
2020-02-24,sz.300451,25.0000,26.0000,24.9000,25.4800,25.0500,26561032,678592480.6600,3,4.828900,1,1.716600,65.924216,13.154256,-220.989309,7.561683,0
2020-02-25,sz.300451,24.7200,25.7100,23.7100,24.9400,25.4800,30680944,759236277.5700,3,5.577900,1,-2.119300,64.527078,12.875477,-216.305862,7.401428,0
2020-02-26,sz.300451,24.2400,24.4200,23.4000,23.5500,24.9400,26425983,631061579.8400,3,4.804300,1,-5.573400,60.930741,12.157878,-204.250323,6.988919,0
2020-02-27,sz.300451,23.9500,25.9100,23.6500,25.3200,23.5500,40581290,1019664776.8600,3,7.377800,1,7.515900,65.510249,13.071655,-219.601621,7.514200,0
2020-02-28,sz.300451,24.1800,26.2100,23.7800,23.9400,25.3200,39066850,975535932.0800,3,7.102400,1,-5.450200,61.939785,12.359219,-207.632812,7.104659,0
2020-03-02,sz.300451,25.0800,26.3300,24.7800,26.3300,23.9400,29565602,763872982.4400,3,5.375100,1,9.983300,61.534028,13.287185,-228.361401,7.813937,0
2020-03-03,sz.300451,27.8800,28.9600,26.5700,27.2900,26.3300,54741579,1532221387.1600,3,9.952100,1,3.646000,63.777578,13.771640,-236.687529,8.098836,0
2020-03-04,sz.300451,27.3100,27.6600,25.0700,25.6800,27.2900,40308566,1051042831.0600,3,7.328200,1,-5.899600,60.014958,12.959169,-222.723919,7.621037,0
2020-03-05,sz.300451,26.2500,26.2600,24.1100,24.4300,25.6800,37450912,928405723.8400,3,6.808700,1,-4.867600,57.093669,12.328368,-211.882607,7.250076,0
2020-03-06,sz.300451,24.4900,25.2500,24.0500,24.2500,24.4300,23071862,566071310.0900,3,4.194500,1,-0.736800,56.673003,12.237533,-210.321458,7.196657,0
2020-03-09,sz.300451,23.5900,23.8800,22.0000,22.0300,24.2500,30347286,692405117.9300,3,5.517200,1,-9.154600,51.484794,11.117231,-191.067287,6.537829,0
2020-03-10,sz.300451,22.1000,23.4600,21.8000,23.3400,22.0300,26590420,604961287.7200,3,4.834200,1,5.946400,54.546305,11.778310,-202.428982,6.926597,0
2020-03-11,sz.300451,23.3300,23.7000,22.4900,22.5200,23.3400,14352524,330805446.7400,3,2.609300,1,-3.513300,52.629939,11.364504,-195.317082,6.683246,0
2020-03-12,sz.300451,22.2000,23.0800,22.0000,22.3600,22.5200,13456931,301642712.1300,3,2.446500,1,-0.710500,52.256014,11.283762,-193.929394,6.635763,0
2020-03-13,sz.300451,21.0800,23.3000,21.0100,22.7100,22.3600,18779071,418533741.4400,3,3.414100,1,1.565300,53.073975,11.460386,-196.964961,6.739632,0
2020-03-16,sz.300451,22.9500,23.1700,20.9900,21.1600,22.7100,16061446,354504914.9000,3,2.920000,1,-6.825200,49.451577,10.678193,-183.521734,6.279640,0
2020-03-17,sz.300451,21.9000,22.8000,21.1000,22.3900,21.1600,24970573,549114555.5300,3,4.539700,1,5.812900,52.326125,11.298901,-194.189585,6.644666,0
2020-03-18,sz.300451,22.4800,22.9500,21.5800,21.6000,22.3900,17671161,396237126.9800,3,3.212700,1,-3.528400,50.479871,10.900235,-187.337876,6.410218,0
2020-03-19,sz.300451,21.6600,22.0300,21.0000,21.8400,21.6000,16637788,358743126.8400,3,3.024800,1,1.111100,51.040758,11.021349,-189.419408,6.481443,0
2020-03-20,sz.300451,22.1900,22.8200,21.8200,22.8100,21.8400,17623017,394544175.7300,3,3.203900,1,4.441400,53.307678,11.510850,-197.832266,6.769309,0
2020-03-23,sz.300451,22.0500,22.8700,21.8800,22.2800,22.8100,15089111,336943795.0200,3,2.743200,1,-2.323500,52.069052,11.243391,-193.235550,6.612021,0
2020-03-24,sz.300451,22.8000,23.1600,22.2900,23.1600,22.2800,14705857,334754245.0400,3,2.673600,1,3.949700,54.125639,11.687474,-200.867833,6.873179,0
2020-03-25,sz.300451,23.7000,24.2800,23.5200,23.7200,23.1600,16831234,402282631.1400,3,3.060000,1,2.418000,55.434377,11.970073,-205.724741,7.039369,0
2020-03-26,sz.300451,23.5000,24.6500,23.3100,24.4000,23.7200,23731663,576732730.1600,3,4.314500,1,2.866800,57.470992,12.197346,271.627016,6.969804,0
2020-03-27,sz.300451,24.6800,25.0000,23.1600,23.1800,24.4000,19835322,473480197.6900,3,3.606100,1,-5.000000,54.597443,11.587479,258.045665,6.621314,0
2020-03-30,sz.300451,22.7900,22.7900,21.0000,21.5500,23.1800,22366354,485799684.1400,3,4.066300,1,-7.031900,50.758192,10.772656,239.900090,6.155708,0
2020-03-31,sz.300451,21.6500,21.7500,20.5000,20.6900,21.5500,15318867,321121859.0500,3,2.785000,1,-3.990700,48.732575,10.342750,230.326351,5.910051,0
2020-04-01,sz.300451,20.7600,21.1700,20.5200,20.7900,20.6900,8063732,168335946.5100,3,1.466000,1,0.483300,48.968112,10.392739,231.439576,5.938616,0
2020-04-02,sz.300451,20.8000,22.0500,20.3800,21.9300,20.7900,13462932,287749489.1000,3,2.447600,1,5.483400,51.653232,10.962615,244.130347,6.264254,0
2020-04-03,sz.300451,21.7400,22.6900,21.7300,22.1000,21.9300,12518344,277733724.1800,3,2.275900,1,0.775200,52.053645,11.047596,246.022830,6.312814,0
2020-04-07,sz.300451,22.9100,23.4600,22.5000,23.2000,22.1000,15925580,366779482.4600,3,2.895300,1,4.977400,54.644550,11.597477,258.268310,6.627027,0
2020-04-08,sz.300451,23.1800,23.6500,22.7700,23.4900,23.2000,13023236,303017043.7700,3,2.367700,1,1.250000,55.327607,11.742445,261.496664,6.709865,0
2020-04-09,sz.300451,23.6000,24.9500,23.4000,24.4300,23.4900,16057769,389990137.1800,3,2.919300,1,4.001700,57.541653,12.212343,271.960983,6.978374,0
2020-04-10,sz.300451,24.4600,25.0600,23.5900,23.8500,24.4300,17074020,414259696.7600,3,3.104100,1,-2.374100,56.175540,11.922406,265.504276,6.812698,0
2020-04-13,sz.300451,24.1200,24.1200,22.5100,22.7600,23.8500,13912912,320459694.4300,3,2.529400,1,-4.570200,53.608188,11.377525,253.370118,6.501342,0
2020-04-14,sz.300451,23.0600,23.6400,23.0100,23.6000,22.7600,10453918,244398218.6900,3,1.900500,1,3.690700,55.586698,11.797433,262.721212,6.741286,0
2020-04-15,sz.300451,23.5600,23.8600,23.0800,23.1100,23.6000,10235103,239694648.6000,3,1.860800,1,-2.076300,54.432567,11.552487,257.266407,6.601319,0
2020-04-16,sz.300451,23.1100,24.4900,23.0000,23.9600,23.1100,15460791,369728377.0500,3,2.810800,1,3.678100,56.434630,11.977394,266.728824,6.844119,0
2020-04-17,sz.300451,24.1000,24.5000,23.8200,24.0000,23.9600,12504425,302275439.2800,3,2.273300,1,0.166900,56.528845,11.997390,267.174114,6.855545,0
2020-04-20,sz.300451,24.1000,25.0000,24.0700,24.5300,24.0000,14079196,346921452.3600,3,2.559600,1,2.208300,57.777190,12.262332,273.074209,7.006938,0
2020-04-21,sz.300451,24.2600,24.9500,23.6000,24.6800,24.5300,13331750,325589207.1400,3,2.423700,1,0.611500,58.130496,12.337316,274.744047,7.049785,0
2020-04-22,sz.300451,24.5000,24.5700,23.6500,24.3000,24.6800,16717616,401641033.5900,3,3.039300,1,-1.539700,57.235456,12.147357,270.513790,6.941239,0
2020-04-23,sz.300451,24.4000,24.4700,23.3100,23.4800,24.3000,11294781,267915020.3400,3,2.053400,1,-3.374500,55.304053,11.737446,261.385341,6.707008,0
2020-04-24,sz.300451,23.6000,23.8300,22.8700,23.2100,23.4800,7928720,184715084.3700,3,1.428000,1,-1.149900,54.668104,11.602476,258.379633,6.629883,0
2020-04-27,sz.300451,23.2200,23.2800,22.3800,22.7600,23.2100,11271265,256764838.2600,3,2.030000,1,-1.938800,54.323437,11.319777,113.687603,6.398111,0
2020-04-28,sz.300451,22.9000,23.4400,21.9800,23.1700,22.7600,10123571,230209646.3100,3,1.823300,1,1.801400,55.302023,11.523692,115.735579,6.513367,0
2020-04-29,sz.300451,23.0400,23.2800,22.4800,22.5000,23.1700,7063064,160743603.9300,3,1.272100,1,-2.891700,53.702871,11.190465,112.388887,6.325022,0
2020-04-30,sz.300451,15.0500,15.7600,15.0500,15.6100,14.9700,13548346,210053883.2100,3,1.626700,1,4.275200,55.886787,11.645544,116.959369,6.582240,0
2020-05-06,sz.300451,16.0000,16.6600,15.6000,16.6200,15.6100,25937267,420803950.1600,3,3.114200,1,6.470200,59.502781,12.399035,124.526887,7.008124,0
2020-05-07,sz.300451,16.5700,16.8700,16.3000,16.5800,16.6200,20276632,336584670.6500,3,2.434500,1,-0.240700,59.359573,12.369194,124.227184,6.991258,0
2020-05-08,sz.300451,16.6400,17.2500,16.4000,16.6400,16.5800,21996173,369639844.9300,3,2.641000,1,0.361900,59.574384,12.413956,124.676739,7.016558,0
2020-05-11,sz.300451,16.7600,16.8800,16.0200,16.2000,16.6400,21538019,351532945.6700,3,2.586000,1,-2.644200,57.999100,12.085702,121.379998,6.831024,0
2020-05-12,sz.300451,16.3600,16.8000,16.2000,16.6000,16.2000,21831955,360176478.4000,3,2.621300,1,2.469100,59.431177,12.384115,124.377035,6.999691,0
2020-05-13,sz.300451,16.6000,17.0800,16.4500,16.9200,16.6000,24779350,417730918.3500,3,2.975200,1,1.927700,60.576838,12.622845,126.774665,7.134625,0
2020-05-14,sz.300451,16.7500,16.8500,16.2800,16.3300,16.9200,19046381,313987650.6800,3,2.286800,1,-3.487000,58.464525,12.182687,122.354035,6.885841,0
2020-05-15,sz.300451,16.4400,16.4800,16.2400,16.3100,16.3300,13259117,216999192.7900,3,1.592000,1,-0.122500,58.392921,12.167766,122.204184,6.877407,0
2020-05-18,sz.300451,16.3800,16.4500,15.8700,16.1300,16.3100,14603467,236169675.3100,3,1.753400,1,-1.103600,57.748487,12.033480,120.855517,6.801507,0
2020-05-19,sz.300451,16.2900,16.5700,16.2000,16.3700,16.1300,14127098,231204282.6700,3,1.696200,1,1.487900,58.607733,12.212528,122.653739,6.902707,0
2020-05-20,sz.300451,16.3000,16.5500,15.9300,16.0600,16.3700,13939501,225883801.5500,3,1.673700,1,-1.893700,57.497873,11.981258,120.331035,6.771990,0
2020-05-21,sz.300451,16.1400,16.1900,15.2500,15.5000,16.0600,19508532,305576067.6900,3,2.342300,1,-3.486900,55.492966,11.563481,116.135184,6.535856,0
2020-05-22,sz.300451,15.3900,15.5000,14.7500,14.8400,15.5000,15745577,236714927.0600,3,1.890500,1,-4.258100,53.130040,11.071100,111.190073,6.257555,0
2020-05-25,sz.300451,14.8400,14.8500,14.2700,14.4100,14.8400,17969897,259899017.7000,3,2.157600,1,-2.897600,51.590558,10.750307,107.968258,6.076238,0
2020-05-26,sz.300451,14.5300,15.4400,14.5300,15.2900,14.4100,21031299,318365355.6600,3,2.525200,1,6.106900,54.741126,11.406814,114.561739,6.447306,0
2020-05-27,sz.300451,15.6100,15.8600,14.8000,14.9100,15.2900,24912379,380375420.8400,3,2.991100,1,-2.485300,53.380653,11.123322,111.714554,6.287072,0
2020-05-28,sz.300451,15.0600,15.0600,14.4400,14.8000,14.9100,15983236,234674106.8100,3,1.919100,1,-0.737800,52.986832,11.041259,110.890369,6.240688,0
2020-05-29,sz.300451,14.6900,15.2300,14.6000,15.0100,14.8000,17150413,256954550.8300,3,2.059200,1,1.418900,53.738672,11.197926,112.463813,6.329239,0
2020-06-01,sz.300451,15.3700,15.7600,15.1500,15.6300,15.0100,19117090,296932849.9400,3,2.295300,1,4.130600,55.958391,11.660465,117.109221,6.590673,0
2020-06-02,sz.300451,15.6800,15.6800,15.2400,15.4100,15.6300,14455338,222390616.4300,3,1.735600,1,-1.407600,55.170749,11.496338,115.460850,6.497906,0
2020-06-03,sz.300451,15.4600,15.6000,14.8600,14.9200,15.4100,21190322,321857584.3400,3,2.544200,1,-3.179800,53.416455,11.130783,111.789480,6.291289,0
2020-06-04,sz.300451,14.9600,15.0700,14.7100,15.0100,14.9200,11614561,172772247.1200,3,1.394500,1,0.603200,53.738672,11.197926,112.463813,6.329239,0
2020-06-05,sz.300451,15.0300,15.2000,14.7800,15.1000,15.0100,10493134,156874678.6700,3,1.259900,1,0.599600,54.060890,11.265068,113.138147,6.367189,0
2020-06-08,sz.300451,15.1500,16.0600,15.1500,15.5000,15.1000,23900254,374456331.4100,3,2.869600,1,2.649000,55.492966,11.563481,116.135184,6.535856,0
2020-06-09,sz.300451,15.5100,15.9100,15.2100,15.8200,15.5000,20145500,314963511.8700,3,2.418800,1,2.064500,56.638627,11.802211,118.532813,6.670790,0
2020-06-10,sz.300451,15.8000,16.1700,15.5600,16.0800,15.8200,19759995,314571981.4800,3,2.372500,1,1.643500,57.569477,11.996179,120.480887,6.780424,0
2020-06-11,sz.300451,16.1100,16.2500,15.6500,15.8000,16.0800,18732123,298490764.6000,3,2.249100,1,-1.741300,56.567024,11.787290,118.382961,6.662357,0
2020-06-12,sz.300451,15.5200,16.3700,15.3000,16.3300,15.8000,28896611,465011825.3800,3,3.469500,1,3.354400,58.464525,12.182687,122.354035,6.885841,0
2020-06-15,sz.300451,16.2100,17.0100,16.1100,16.3800,16.3300,34930835,581152338.5600,3,4.194000,1,0.306200,58.643535,12.219988,122.728665,6.906924,0
2020-06-16,sz.300451,16.5000,16.6900,16.1800,16.3500,16.3800,22253109,364019795.1500,3,2.671900,1,-0.183100,58.536129,12.197607,122.503887,6.894274,0
2020-06-17,sz.300451,16.5400,16.5400,15.8800,16.1700,16.3500,16185935,261081846.6300,3,1.943400,1,-1.100900,57.891694,12.063322,121.155221,6.818374,0
2020-06-18,sz.300451,16.1700,16.3800,15.9000,16.1000,16.1700,13882895,223276789.4200,3,1.666900,1,-0.432900,57.641081,12.011099,120.630739,6.788857,0
2020-06-19,sz.300451,16.1600,16.2900,15.9500,16.0900,16.1000,16913830,272805575.2000,3,2.030800,1,-0.062100,57.605279,12.003639,120.555813,6.784640,0
2020-06-22,sz.300451,16.1400,16.8800,16.1000,16.7000,16.0900,31949993,532365921.0100,3,3.836100,1,3.791200,59.789196,12.458718,125.126295,7.041858,0
2020-06-23,sz.300451,16.6900,17.5400,16.4500,17.4600,16.7000,40845853,697218478.8200,3,4.904200,1,4.550900,62.510141,13.025702,130.820665,7.362326,0
2020-06-24,sz.300451,17.4700,17.7500,17.2900,17.3700,17.4600,22414939,391117552.7100,3,2.691300,1,-0.515500,62.187924,12.958559,130.146332,7.324375,0
2020-06-29,sz.300451,17.3300,18.2500,17.1000,18.1100,17.3700,35725395,634312057.1400,3,4.289400,1,4.260200,64.837266,13.510622,135.690850,7.636410,0
2020-06-30,sz.300451,18.1900,18.8500,17.9400,18.4900,18.1100,26312369,483911360.9500,3,3.159200,1,2.098300,66.197738,13.794113,138.538035,7.796644,0
2020-07-01,sz.300451,18.6300,18.7200,17.3200,17.7700,18.4900,31634057,566061278.3300,3,3.798200,1,-3.894000,63.620001,13.256971,133.143369,7.493043,0
2020-07-02,sz.300451,17.9000,17.9800,17.3900,17.7300,17.7700,22763410,403240067.3700,3,2.733100,1,-0.225100,63.476793,13.227130,132.843665,7.476176,0
2020-07-03,sz.300451,17.7300,18.6000,17.4500,18.0900,17.7300,29755053,536310479.9400,3,3.572600,1,2.030500,64.765662,13.495701,135.540998,7.627977,0
2020-07-06,sz.300451,18.0000,18.5500,17.6400,18.4300,18.0900,36188034,656188720.1900,3,4.345000,1,1.879500,65.982927,13.749352,138.088480,7.771344,0
2020-07-07,sz.300451,18.5500,19.4000,18.1300,18.7200,18.4300,35697234,673012230.9600,3,4.286000,1,1.573500,67.021182,13.965701,140.261331,7.893627,0
2020-07-08,sz.300451,18.7900,19.2800,18.3700,19.0600,18.7200,25353063,478766891.7200,3,3.044100,1,1.816200,68.238447,14.219351,142.808813,8.036995,0
2020-07-09,sz.300451,19.0100,19.8200,18.8700,19.8000,19.0600,37830379,730004468.5200,3,4.542200,1,3.882500,70.887789,14.771414,148.353331,8.349029,0
2020-07-10,sz.300451,19.8000,20.7700,19.5600,19.5800,19.8000,35478790,712472736.1300,3,4.259800,1,-1.111100,70.100147,14.607287,146.704961,8.256262,0
2020-07-13,sz.300451,19.4500,20.4600,19.3600,20.3300,19.5800,26186605,524139734.5000,3,3.144100,1,3.830400,72.785290,15.166811,152.324405,8.572513,0
2020-07-14,sz.300451,20.1900,21.0500,19.7700,19.9800,20.3300,27563988,557634611.5900,3,3.309500,1,-1.721600,71.532223,14.905700,149.701998,8.424929,0
2020-07-15,sz.300451,20.0900,20.3000,18.7000,19.0800,19.9800,35320876,689344046.7500,3,4.240900,1,-4.504500,68.310051,14.234272,142.958665,8.045428,0
2020-07-16,sz.300451,19.0300,19.2400,17.4600,17.7500,19.0800,30040142,553958632.3300,3,3.606800,1,-6.970600,63.548397,13.242051,132.993517,7.484609,0
2020-07-17,sz.300451,17.7500,18.4900,17.5300,18.2500,17.7500,23404942,422270040.9300,3,2.810100,1,2.816900,65.338492,13.615066,136.739813,7.695443,0
2020-07-20,sz.300451,18.4100,18.6600,17.7200,18.3000,18.2500,17511721,317786716.9300,3,2.102600,1,0.274000,65.517502,13.652368,137.114443,7.716527,0
2020-07-21,sz.300451,18.9000,19.0100,17.8000,18.6100,18.3000,28710207,530315753.5600,3,3.447100,1,1.694000,66.627361,13.883637,139.437146,7.847244,0
2020-07-22,sz.300451,18.4800,18.9600,18.1800,18.5100,18.6100,25000668,466714649.7600,3,3.001700,1,-0.537300,66.269342,13.809034,138.687887,7.805077,0
2020-07-23,sz.300451,18.2800,18.4200,17.0800,17.9600,18.5100,34284315,608487667.8300,3,4.116400,1,-2.971400,64.300237,13.398717,134.566961,7.573160,0
2020-07-24,sz.300451,17.8900,18.1400,16.8000,16.8200,17.9600,24935666,430882188.8200,3,2.993900,1,-6.347400,60.218819,12.548242,126.025406,7.092458,0
2020-07-27,sz.300451,16.9500,17.2700,16.7100,16.9600,16.8200,20609280,350903399.2800,3,2.474500,1,0.832300,60.720046,12.652686,127.074369,7.151492,0
2020-07-28,sz.300451,17.1700,17.4400,16.9100,17.1700,16.9600,11438076,195545924.4000,3,1.373300,1,1.238200,61.471886,12.809353,128.647813,7.240042,0
2020-07-29,sz.300451,17.1700,17.8100,17.0000,17.7000,17.1700,16460853,288094849.8100,3,1.976400,1,3.086800,63.369387,13.204749,132.618887,7.463526,0
2020-07-30,sz.300451,17.8000,17.8700,17.1000,17.1500,17.7000,18175256,314961077.6800,3,2.182200,1,-3.107300,61.400282,12.794432,128.497961,7.231608,0
2020-07-31,sz.300451,17.1900,17.6300,17.0400,17.2700,17.1500,17179518,296834738.4000,3,2.062700,1,0.699700,61.829905,12.883956,129.397072,7.282209,0
2020-08-03,sz.300451,17.6000,18.0900,17.5000,17.9300,17.2700,23605434,421012003.5900,3,2.834200,1,3.821700,64.192831,13.376336,134.342183,7.560510,0
2020-08-04,sz.300451,18.2100,18.3900,17.8800,18.1100,17.9300,20658033,374043643.5600,3,2.480300,1,1.003900,64.837266,13.510622,135.690850,7.636410,0
2020-08-05,sz.300451,18.3000,18.4000,17.5500,17.8200,18.1100,21228264,378153855.1800,3,2.548800,1,-1.601300,63.799010,13.294273,133.517998,7.514126,0
2020-08-06,sz.300451,17.8200,17.8700,17.1700,17.4500,17.8200,18603703,324204197.3200,3,2.233700,1,-2.076300,62.474339,13.018241,130.745739,7.358109,0
2020-08-07,sz.300451,17.4700,17.5900,16.8000,17.0000,17.4500,15559856,265821966.1700,3,1.868200,1,-2.578800,60.863253,12.682527,127.374072,7.168358,0
2020-08-10,sz.300451,16.9000,17.2100,16.8600,17.1100,17.0000,10194971,173880952.2300,3,1.224100,1,0.647100,61.257074,12.764591,128.198258,7.214742,0
2020-08-11,sz.300451,17.1900,17.2400,16.5800,16.6300,17.1100,13281008,224776248.5600,3,1.594600,1,-2.805400,59.538582,12.406496,124.601813,7.012341,0
2020-08-12,sz.300451,16.6500,16.7000,15.6600,15.9800,16.6300,27518727,440032891.3600,3,3.304100,1,-3.908600,57.211458,11.921576,119.731628,6.738257,0
2020-08-13,sz.300451,16.2000,16.5300,15.9600,16.0700,15.9800,11090417,179672194.7600,3,1.331600,1,0.563200,61.671620,12.850973,129.065816,7.263566,0
2020-08-14,sz.300451,16.1500,16.3000,15.8100,16.2400,16.0700,8706654,140631510.4200,3,1.045400,1,1.057900,62.324027,12.986920,130.431167,7.340405,0
2020-08-17,sz.300451,16.4100,16.4300,15.9200,16.2700,16.2400,16219861,262097317.1500,3,1.947500,1,0.184700,62.439158,13.010910,130.672111,7.353965,0
2020-08-18,sz.300451,16.2700,16.3200,16.0500,16.1000,16.2700,12058299,194810506.9500,3,1.447800,1,-1.044900,61.786751,12.874963,129.306760,7.277126,0
2020-08-19,sz.300451,16.1000,16.1200,15.5600,15.7100,16.1000,16464425,259453106.3300,3,1.976800,1,-2.422400,60.290053,12.563085,126.174485,7.100848,0
2020-08-20,sz.300451,15.5800,15.9900,15.3500,15.4200,15.7100,19580367,304440850.6200,3,2.350900,1,-1.846000,59.177124,12.331176,123.845357,6.969769,0
2020-08-21,sz.300451,15.5300,15.9500,15.5000,15.6300,15.4200,16231085,254939853.4000,3,1.948800,1,1.361900,59.983038,12.499110,125.531966,7.064688,0
2020-08-24,sz.300451,15.6500,16.2500,15.2200,16.0200,15.6300,20209845,320467747.8500,3,2.426500,1,2.495200,61.479736,12.810988,128.664242,7.240966,0
2020-08-25,sz.300451,16.0600,16.1600,15.8500,16.0400,16.0200,12256335,196369549.4200,3,1.471600,1,0.124800,61.556490,12.826982,128.824872,7.250006,0
2020-08-26,sz.300451,16.1100,16.1600,15.4200,15.5400,16.0400,13634172,214224254.3900,3,1.637000,1,-3.117200,59.637647,12.427139,124.809134,7.024009,0
2020-08-27,sz.300451,15.4000,15.7400,15.2200,15.6100,15.5400,10133856,157334108.7500,3,1.216700,1,0.450500,59.906285,12.483117,125.371337,7.055648,0
2020-08-28,sz.300451,15.5400,16.3100,15.4300,16.2400,15.6100,19052554,306668901.7700,3,2.075000,1,4.035900,68.605020,12.262987,290.808241,7.316207,0
2020-08-31,sz.300451,16.3000,16.6000,16.2500,16.3700,16.2400,18116498,297886903.7800,3,1.973000,1,0.800500,69.154198,12.361152,293.136140,7.374772,0
2020-09-01,sz.300451,16.5000,16.5400,15.8600,16.1400,16.3700,13299509,214160729.6800,3,1.448400,1,-1.405000,68.182575,12.187476,289.017550,7.271156,0
2020-09-02,sz.300451,16.2400,16.7200,16.1000,16.5600,16.1400,15861798,260834128.6800,3,1.727500,1,2.602200,69.956843,12.504623,296.538453,7.460369,0
2020-09-03,sz.300451,16.6700,16.6900,16.3000,16.4300,16.5600,15594089,256952154.6600,3,1.698300,1,-0.785000,69.407664,12.406458,294.210555,7.401803,0
2020-09-04,sz.300451,16.1900,16.2700,15.9200,16.1600,16.4300,12927840,207652349.5700,3,1.407900,1,-1.643300,68.267064,12.202579,289.375689,7.280166,0
2020-09-07,sz.300451,16.1500,17.1400,16.0800,16.5200,16.1600,24215164,404239868.2400,3,2.637200,1,2.227700,69.928575,12.499570,296.418629,7.457354,0
2020-09-08,sz.300451,16.6900,17.0400,16.5400,16.8600,16.5200,18333766,307600869.0100,3,1.996700,1,2.058100,71.367783,12.756825,302.519255,7.610835,0
2020-09-09,sz.300451,16.6000,16.6000,15.8800,15.9800,16.8600,16780299,272139785.5200,3,1.827500,1,-5.219500,67.642774,12.090988,286.729400,7.213591,0
2020-09-10,sz.300451,16.2000,16.2800,15.2000,15.2100,15.9800,16043834,250404880.6300,3,1.747300,1,-4.818500,64.383391,11.508381,272.913278,6.866002,0
2020-09-11,sz.300451,15.2600,15.5200,15.2000,15.3700,15.2100,8688472,133353569.4400,3,0.946200,1,1.051900,65.060665,11.629442,275.784160,6.938228,0
2020-09-14,sz.300451,15.4900,16.2000,15.4500,15.8500,15.3700,16689824,265523832.5700,3,1.817600,1,3.123000,67.092488,11.992626,284.396808,7.154907,0
2020-09-15,sz.300451,15.9500,16.0800,15.6600,15.8000,15.8500,10867744,171827657.8900,3,1.183600,1,-0.315500,66.880840,11.954794,283.499657,7.132336,0
2020-09-16,sz.300451,15.8000,15.8800,15.3000,15.4100,15.8000,10412143,161036507.8600,3,1.134000,1,-2.468400,65.229984,11.659708,276.501881,6.956285,0
2020-09-17,sz.300451,15.3100,15.4100,15.0000,15.2700,15.4100,11149437,169128281.5100,3,1.214300,1,-0.908500,64.637369,11.553779,273.989859,6.893087,0
2020-09-18,sz.300451,15.2800,15.6000,15.1200,15.5600,15.2700,8988658,138062379.6900,3,0.978900,1,1.899100,65.864929,11.773202,279.193333,7.023997,0
2020-09-21,sz.300451,15.6300,15.7000,15.3000,15.3800,15.5600,8771443,135604550.6800,3,0.955300,1,-1.156800,65.102995,11.637009,275.963591,6.942742,0
2020-09-22,sz.300451,15.3700,15.5600,15.1000,15.1800,15.3800,11475983,176257263.7300,3,1.249800,1,-1.300400,64.256402,11.485682,272.374987,6.852460,0
2020-09-23,sz.300451,15.3300,15.7500,15.0500,15.5300,15.1800,11615983,179049923.9700,3,1.265100,1,2.305700,65.737940,11.750504,278.655043,7.010454,0
2020-09-24,sz.300451,15.4000,15.5000,15.0600,15.1000,15.5300,8924126,135516042.0100,3,0.971900,1,-2.768800,63.917765,11.425152,270.939546,6.816347,0
2020-09-25,sz.300451,15.2000,15.2800,15.0000,15.0600,15.1000,4897714,73888290.0200,3,0.533400,1,-0.264900,63.748446,11.394886,270.221825,6.798290,0
2020-09-28,sz.300451,15.1600,15.2000,14.9800,15.0200,15.0600,4707059,70892224.4100,3,0.512300,1,-0.265600,63.613864,11.370830,269.651347,6.783938,0
2020-09-29,sz.300451,15.1000,15.2900,15.0000,15.1900,15.0200,6708136,101724182.3600,3,0.730100,1,1.131800,64.333861,11.499528,272.703326,6.860720,0
2020-09-30,sz.300451,15.1600,15.4200,15.1000,15.2200,15.1900,5682258,86655762.8100,3,0.618400,1,0.197500,64.460919,11.522239,273.241911,6.874270,0
2020-10-09,sz.300451,15.4200,15.6800,15.3200,15.6100,15.2200,8976027,139610285.5000,3,0.976900,1,2.562400,66.112678,11.817487,280.243510,7.050417,0
2020-10-12,sz.300451,15.7700,16.0800,15.6100,16.0100,15.6100,13277560,210676823.6500,3,1.445100,1,2.562500,67.806788,12.120305,287.424638,7.231081,0
2020-10-13,sz.300451,16.0800,16.1500,15.6100,15.7100,16.0100,14118461,222989083.8500,3,1.536600,1,-1.873800,66.536205,11.893192,282.038792,7.095583,0
2020-10-14,sz.300451,15.7000,15.7000,15.3800,15.4500,15.7100,10257837,158874970.4700,3,1.116400,1,-1.655000,65.435033,11.696360,277.371059,6.978152,0
2020-10-15,sz.300451,15.5000,15.5300,15.1200,15.1500,15.4500,10105967,153762823.7300,3,1.099900,1,-1.941700,64.164450,11.469246,271.985214,6.842654,0
2020-10-16,sz.300451,15.1800,15.2000,15.0000,15.1100,15.1500,6344731,95728737.3600,3,0.690500,1,-0.264000,63.995039,11.438964,271.267101,6.824587,0
2020-10-19,sz.300451,15.2000,15.2000,14.6000,14.7200,15.1100,12141157,181081588.2600,3,1.321400,1,-2.581100,62.343281,11.143716,264.265501,6.648440,0
2020-10-20,sz.300451,14.4500,14.5800,13.6700,14.5000,14.7200,29194607,412509482.0500,3,3.177400,1,-1.494600,61.411520,10.977166,260.315881,6.549074,0
2020-10-21,sz.300451,14.4700,14.5600,13.8000,13.9700,14.5000,15727414,220951310.4200,3,1.711700,1,-3.655200,59.166823,10.575932,250.800887,6.309694,0
2020-10-22,sz.300451,13.9100,13.9700,13.7600,13.7800,13.9700,11117918,153542336.6700,3,1.210000,1,-1.360100,58.362120,10.432093,247.389851,6.223879,0
2020-10-23,sz.300451,13.7500,13.9500,13.4400,13.4900,13.7800,8945781,122318700.5700,3,0.973600,1,-2.104500,57.133890,10.212550,242.183533,6.092898,0
2020-10-26,sz.300451,13.4900,13.9800,13.2800,13.9200,13.4900,10985516,151108450.5700,3,1.195600,1,3.187500,58.955059,10.538079,249.903246,6.287111,0
2020-10-27,sz.300451,13.9400,14.0000,13.6000,13.8300,13.9200,5171061,71400738.3100,3,0.562800,1,-0.646600,58.573884,10.469945,248.287492,6.246462,0
2020-10-28,sz.300451,13.6100,13.8200,13.3700,13.3800,13.8300,14731097,198372981.0400,3,1.603300,1,-3.253800,56.668009,10.129275,240.208723,6.043215,0
2020-10-29,sz.300451,13.2000,13.6000,13.1100,13.5000,13.3800,8807478,117972065.9100,3,0.958600,1,0.896900,57.176243,10.220120,242.363062,6.097414,0
2020-10-30,sz.300451,13.5800,13.7800,13.0800,13.0800,13.5000,15695658,209283796.4900,3,1.708300,1,-3.111100,52.605034,9.424407,12.576986,3.881545,0
2020-11-02,sz.300451,13.1800,13.2300,12.4100,13.1700,13.0800,26985941,345415754.0900,3,2.937100,1,0.688100,52.966995,9.489254,12.663525,3.908253,0
2020-11-03,sz.300451,13.2300,13.9600,13.1800,13.8100,13.1700,23133812,317074481.2600,3,2.517800,1,4.859500,55.540942,9.950387,13.278913,4.098176,0
2020-11-04,sz.300451,13.8600,13.9000,13.5500,13.8000,13.8100,13727231,188034726.2500,3,1.494000,1,-0.072400,55.500724,9.943181,13.269297,4.095208,0
2020-11-05,sz.300451,14.0000,14.0400,13.5300,13.8200,13.8000,12772002,175461874.9700,3,1.390100,1,0.144900,55.581160,9.957592,13.288528,4.101143,0
2020-11-06,sz.300451,13.8500,14.1500,13.6600,13.7100,13.8200,11315527,156965764.2100,3,1.231500,1,-0.795900,55.138763,9.878335,13.182758,4.068500,0
2020-11-09,sz.300451,13.7100,14.5400,13.6300,14.3500,13.7100,18819575,268242389.7900,3,2.048300,1,4.668100,57.712709,10.339468,13.798146,4.258423,0
2020-11-10,sz.300451,14.5500,14.5600,13.9600,14.0200,14.3500,9575747,135233239.4100,3,1.042200,1,-2.299700,56.385518,10.101696,13.480837,4.160494,0
2020-11-11,sz.300451,14.0200,14.1000,13.6400,13.8300,14.0200,8953878,123701527.0900,3,0.974500,1,-1.355200,55.621378,9.964797,13.298144,4.104111,0
2020-11-12,sz.300451,13.9600,14.0400,13.6900,13.7200,13.8300,5995759,82836793.6100,3,0.652600,1,-0.795400,55.178981,9.885540,13.192374,4.071468,0
2020-11-13,sz.300451,13.7200,13.9300,13.5400,13.5900,13.7200,7007606,95912725.9400,3,0.762700,1,-0.947500,54.656148,9.791872,13.067373,4.032890,0
2020-11-16,sz.300451,13.5500,14.0300,13.4400,13.8500,13.5900,10750145,147656606.6600,3,1.170000,1,1.913200,55.701813,9.979207,13.317374,4.110046,0
2020-11-17,sz.300451,13.8400,13.9900,13.4400,13.5200,13.8500,7823868,106368230.5800,3,0.851500,1,-2.382700,54.374622,9.741436,13.000065,4.012117,0
2020-11-18,sz.300451,13.6100,14.0700,13.5700,13.9700,13.5200,11722554,162879324.5100,3,1.275800,1,3.328400,56.184428,10.065670,13.432760,4.145656,0
2020-11-19,sz.300451,13.9500,14.2800,13.8100,14.0700,13.9700,9735981,137281703.5900,3,1.059600,1,0.715800,56.586608,10.137722,13.528914,4.175332,0
2020-11-20,sz.300451,14.1000,14.1700,13.8700,14.1400,14.0700,7146184,100489161.0700,3,0.777800,1,0.497500,56.868133,10.188158,13.596222,4.196104,0
2020-11-23,sz.300451,14.1300,14.1600,13.7800,13.8900,14.1400,7921086,110345303.3700,3,0.862100,1,-1.768000,55.862685,10.008028,13.355836,4.121916,0
2020-11-24,sz.300451,13.8800,14.0700,13.7400,13.7500,13.8900,5806744,80532512.9700,3,0.632000,1,-1.007900,55.299634,9.907155,13.221220,4.080370,0
2020-11-25,sz.300451,13.7900,13.8000,13.2500,13.2800,13.7500,9421899,127159347.8600,3,1.025400,1,-3.418200,53.409392,9.568511,12.769295,3.940896,0
2020-11-26,sz.300451,13.3300,13.7200,13.2300,13.3000,13.2800,7421941,99836520.3700,3,0.807800,1,0.150600,53.489828,9.582921,12.788526,3.946831,0
2020-11-27,sz.300451,13.4000,13.4500,13.0000,13.1400,13.3000,5909909,77897031.9500,3,0.643200,1,-1.203000,52.846341,9.467638,12.634679,3.899350,0
2020-11-30,sz.300451,13.2500,13.3800,12.9800,13.2600,13.1400,10689463,140722125.4300,3,1.163400,1,0.913200,53.328956,9.554100,12.750064,3.934961,0
2020-12-01,sz.300451,13.2500,13.6600,13.1800,13.6300,13.2600,12446151,167741960.2400,3,1.354600,1,2.790300,54.817019,9.820693,13.105835,4.044760,0
2020-12-02,sz.300451,13.5600,14.2600,13.5600,14.0400,13.6300,20989674,295817050.3800,3,2.284400,1,3.008100,56.465954,10.116106,13.500068,4.166429,0
2020-12-03,sz.300451,14.0200,14.9200,13.9800,14.6000,14.0400,25031867,363985463.0900,3,2.724400,1,3.988600,58.718157,10.519598,14.038532,4.332611,0
2020-12-04,sz.300451,14.5500,14.7200,14.3800,14.6200,14.6000,10663152,155387412.6600,3,1.160500,1,0.137000,58.798593,10.534008,14.057763,4.338546,0
2020-12-07,sz.300451,14.7500,14.7900,14.4000,14.5700,14.6200,9080497,132439480.7100,3,0.988300,1,-0.342000,58.597503,10.497982,14.009686,4.323709,0
2020-12-08,sz.300451,14.6900,14.7300,14.4400,14.6600,14.5700,6817202,99556048.6600,3,0.742000,1,0.617700,58.959465,10.562829,14.096225,4.350417,0
2020-12-09,sz.300451,14.5500,14.6400,14.1800,14.3900,14.6600,9162476,132225688.8900,3,0.997200,1,-1.841700,57.873581,10.368289,13.836608,4.270293,0
2020-12-10,sz.300451,14.4200,14.5500,14.2700,14.3700,14.3900,5731683,82688926.0200,3,0.623800,1,-0.139000,57.793145,10.353878,13.817377,4.264358,0
2020-12-11,sz.300451,14.5500,14.5700,13.6400,13.8500,14.3700,12032683,167598624.3600,3,1.309600,1,-3.618600,55.701813,9.979207,13.317374,4.110046,0
2020-12-14,sz.300451,13.8900,14.1500,13.6400,13.9500,13.8500,9107475,126784893.0000,3,0.991200,1,0.722000,56.103993,10.051260,13.413529,4.139721,0
2020-12-15,sz.300451,14.0000,14.0500,13.6500,13.7200,13.9500,9025639,124310758.3500,3,0.982300,1,-1.648700,55.178981,9.885540,13.192374,4.071468,0
2020-12-16,sz.300451,13.7200,13.8200,13.4200,13.6400,13.7200,6026732,82027332.1500,3,0.655900,1,-0.583100,54.857237,9.827898,13.115450,4.047727,0
2020-12-17,sz.300451,13.6400,13.8400,13.3800,13.7800,13.6400,6242763,85160632.2500,3,0.679400,1,1.026400,55.420288,9.928771,13.250066,4.089273,0
2020-12-18,sz.300451,13.6600,13.7600,13.5200,13.6100,13.7800,5142101,70065338.4800,3,0.559600,1,-1.233700,54.736584,9.806283,13.086604,4.038825,0
2020-12-21,sz.300451,13.6300,13.8800,13.4700,13.7100,13.6100,5515654,75647771.4500,3,0.600300,1,0.734800,55.138763,9.878335,13.182758,4.068500,0
2020-12-22,sz.300451,13.7100,14.3300,13.6400,13.8900,13.7100,11193836,157251268.4200,3,1.218300,1,1.312900,55.862685,10.008028,13.355836,4.121916,0
2020-12-23,sz.300451,13.8600,13.8900,13.4000,13.4200,13.8900,9200809,124597680.6900,3,1.001400,1,-3.383700,53.972443,9.669384,12.903911,3.982441,0
2020-12-24,sz.300451,13.4300,13.5800,13.1200,13.2300,13.4200,6304429,83476268.9900,3,0.686200,1,-1.415800,53.208303,9.532485,12.721218,3.926058,0
2020-12-25,sz.300451,13.2500,13.2500,12.5000,12.6100,13.2300,15183228,193877208.9400,3,1.652500,1,-4.686300,50.714792,9.085762,12.125061,3.742070,0
2020-12-28,sz.300451,12.7000,12.7000,12.1500,12.3500,12.6100,17962596,222574108.9100,3,1.955000,1,-2.061900,49.669126,8.898427,11.875060,3.664914,0
2020-12-29,sz.300451,12.3500,13.6300,12.2100,13.2900,12.3500,19512438,254964806.1900,3,2.123700,1,7.611300,53.449610,9.575716,12.778910,3.943863,0
2020-12-30,sz.300451,13.3500,13.3800,12.9300,12.9900,13.2900,11489796,150278909.5900,3,1.250500,1,-2.257300,52.243073,9.359560,12.490447,3.854837,0
2020-12-31,sz.300451,12.9900,13.7100,12.9400,13.5300,12.9900,15991386,214129888.5800,3,1.740400,1,4.157000,54.414840,9.748641,13.009681,4.015084,0
2021-01-04,sz.300451,13.5600,13.8500,13.3700,13.6400,13.5300,11967320,162733659.5300,3,1.302500,1,0.813000,54.857237,9.827898,13.115450,4.047727,0
2021-01-05,sz.300451,13.6500,13.8200,13.4400,13.6400,13.6400,10435371,141895454.3800,3,1.135700,1,0.000000,54.857237,9.827898,13.115450,4.047727,0
2021-01-06,sz.300451,13.8500,13.9000,13.0900,13.1400,13.6400,12014467,160015324.2000,3,1.307600,1,-3.665700,52.846341,9.467638,12.634679,3.899350,0
2021-01-07,sz.300451,13.0700,13.1600,12.4500,12.6100,13.1400,14255827,181672265.4800,3,1.551600,1,-4.033500,50.714792,9.085762,12.125061,3.742070,0
2021-01-08,sz.300451,12.6100,12.9400,12.4100,12.6000,12.6100,9362750,118526028.9800,3,1.019000,1,-0.079300,50.674574,9.078557,12.115445,3.739103,0
2021-01-11,sz.300451,12.5700,12.7100,12.1500,12.2700,12.6000,12844164,159137292.6700,3,1.394600,1,-2.619000,49.352550,8.841711,11.799371,3.641555,0
2021-01-12,sz.300451,12.3000,12.4600,12.1600,12.3200,12.2700,8104524,99446485.7200,3,0.880000,1,0.407500,49.553660,8.877741,11.847454,3.656395,0
2021-01-13,sz.300451,12.4900,12.6200,12.1500,12.2300,12.3200,9151038,112736046.5000,3,0.986800,1,-0.730500,49.191661,8.812887,11.760906,3.629684,0
2021-01-14,sz.300451,12.2000,12.5400,12.1500,12.3700,12.2300,6858541,84717894.7500,3,0.739600,1,1.144700,49.754771,8.913771,11.895536,3.671234,0
2021-01-15,sz.300451,12.3800,12.5100,12.2800,12.4300,12.3700,6689533,82988593.2000,3,0.721400,1,0.485000,49.996104,8.957006,11.953234,3.689041,0
2021-01-18,sz.300451,12.3300,13.1100,12.3200,12.9900,12.4300,17111408,217725657.3100,3,1.845200,1,4.505200,52.248543,9.360540,12.491755,3.855241,0
2021-01-19,sz.300451,12.9000,13.3500,12.8100,12.9100,12.9900,12168296,159511843.0700,3,1.312100,1,-0.615900,51.926766,9.302892,12.414824,3.831498,0
2021-01-20,sz.300451,12.8700,12.9800,12.6100,12.8400,12.9100,6227327,79245057.6900,3,0.671500,1,-0.542200,51.645211,9.252451,12.347508,3.810723,0
2021-01-21,sz.300451,12.8000,12.9900,12.4800,12.9000,12.8400,9774592,124943595.3300,3,1.054000,1,0.467300,51.886544,9.295686,12.405207,3.828530,0
2021-01-22,sz.300451,12.7700,12.8300,12.5200,12.5900,12.9000,7122215,89793670.8900,3,0.768000,1,-2.403100,50.639658,9.072302,12.107097,3.736527,0
2021-01-25,sz.300451,12.5000,12.7900,12.2600,12.3300,12.5900,10541920,131754609.6300,3,1.136800,1,-2.065100,49.593882,8.884947,11.857070,3.659362,0
2021-01-26,sz.300451,12.4800,12.6800,12.1900,12.2000,12.3300,6644403,82254040.4400,3,0.716500,1,-1.054300,49.070995,8.791269,11.732056,3.620780,0
2021-01-27,sz.300451,12.3300,12.6600,11.8800,12.5200,12.2000,12794183,157206807.4800,3,1.379600,1,2.623000,50.358103,9.021860,12.039782,3.715752,0
2021-01-28,sz.300451,12.5100,12.7500,12.2900,12.3200,12.5200,7513078,94374905.3100,3,0.810200,1,-1.597400,49.553660,8.877741,11.847454,3.656395,0
2021-01-29,sz.300451,12.3200,12.9800,12.3200,12.6800,12.3200,14526372,185152863.6500,3,1.566400,1,2.922100,51.001657,9.137155,12.193645,3.763237,0
2021-02-01,sz.300451,12.6000,13.0800,12.5200,13.0400,12.6800,11554763,149571900.9900,3,1.246000,1,2.839100,52.449653,9.396570,12.539837,3.870080,0
2021-02-02,sz.300451,13.0100,13.0600,12.7500,12.8700,13.0400,7294843,93864251.9200,3,0.786600,1,-1.303700,51.765877,9.274068,12.376358,3.819626,0
2021-02-03,sz.300451,12.9000,12.9000,12.2000,12.2000,12.8700,8920417,111535667.0800,3,0.961900,1,-5.205900,49.070995,8.791269,11.732056,3.620780,0
2021-02-04,sz.300451,12.2500,12.2500,11.0600,11.2400,12.2000,19536617,224641439.9800,3,2.106700,1,-7.868900,45.209671,8.099497,10.808878,3.335866,0
2021-02-05,sz.300451,11.3100,11.4900,10.8700,11.3400,11.2400,14396001,162161138.5900,3,1.552400,1,0.889700,45.611892,8.171557,10.905042,3.365545,0
2021-02-08,sz.300451,11.4400,11.4400,10.9100,10.9800,11.3400,15745843,174443008.0100,3,1.697900,1,-3.174600,44.163895,7.912142,10.558851,3.258702,0
2021-02-09,sz.300451,11.0900,11.5300,10.9700,11.0000,10.9800,16887641,187852495.6100,3,1.821100,1,0.182100,44.244339,7.926554,10.578084,3.264638,0
2021-02-10,sz.300451,11.0300,11.2500,10.9500,11.1000,11.0000,19115946,211537061.8700,3,2.061300,1,0.909100,44.646561,7.998614,10.674248,3.294317,0
2021-02-18,sz.300451,11.3800,11.9500,11.2500,11.6600,11.1000,23972489,276293954.8800,3,2.585000,1,5.045000,46.899000,8.402147,11.212769,3.460516,0
2021-02-19,sz.300451,11.6700,12.8000,11.5700,12.5900,11.6600,27867156,341831839.4000,3,3.005000,1,7.976000,50.639658,9.072302,12.107097,3.736527,0
2021-02-22,sz.300451,12.6200,13.4000,12.4500,13.0300,12.5900,28719779,373030396.0600,3,2.851600,1,3.494800,52.409431,9.389364,12.530221,3.867112,0
2021-02-23,sz.300451,12.8900,13.0700,12.3200,12.3500,13.0300,20927136,262534337.7500,3,2.077800,1,-5.218700,49.674327,8.899359,11.876303,3.665298,0
2021-02-24,sz.300451,12.4400,12.8400,12.2500,12.4500,12.3500,15984765,199632642.6400,3,1.587100,1,0.809700,50.076548,8.971418,11.972467,3.694977,0
2021-02-25,sz.300451,12.4800,12.6500,12.1000,12.2100,12.4500,18491875,227536958.8300,3,1.836000,1,-1.927700,49.111217,8.798475,11.741673,3.623748,0
2021-02-26,sz.300451,12.0500,12.3500,12.0200,12.1600,12.2100,12144806,147667652.6900,3,1.205800,1,-0.409500,48.910106,8.762445,11.693591,3.608909,0
2021-03-01,sz.300451,12.2500,12.7500,12.2500,12.7300,12.1600,16597488,208977883.5800,3,1.647900,1,4.687500,51.202767,9.173185,12.241728,3.778077,0
2021-03-02,sz.300451,12.7000,12.8600,12.5100,12.6500,12.7300,10816725,137026823.4300,3,1.074000,1,-0.628400,50.880990,9.115537,12.164796,3.754334,0
2021-03-03,sz.300451,12.5500,13.4500,12.5000,13.2600,12.6500,21679689,284019982.4900,3,2.152600,1,4.822100,53.334540,9.555101,12.751399,3.935373,0
2021-03-04,sz.300451,13.2300,13.4600,12.7800,12.9200,13.2600,16060421,210674500.0500,3,1.594600,1,-2.564100,51.966988,9.310098,12.424440,3.834466,0
2021-03-05,sz.300451,12.9000,13.4600,12.8500,13.2700,12.9200,16454409,218235600.9200,3,1.633700,1,2.709000,53.374762,9.562307,12.761015,3.938341,0
2021-03-08,sz.300451,13.2300,13.3600,12.7600,12.8000,13.2700,14309103,186348766.2900,3,1.420700,1,-3.541800,51.484322,9.223627,12.309043,3.798851,0
2021-03-09,sz.300451,12.7300,12.8300,11.9200,12.0000,12.8000,16638817,204906045.2800,3,1.652000,1,-6.250000,48.266552,8.647150,11.539727,3.561423,0
2021-03-10,sz.300451,12.0300,12.1100,11.4000,11.6300,12.0000,13510754,157117495.1400,3,1.341500,1,-3.083300,46.778333,8.380530,11.183919,3.451613,0
2021-03-11,sz.300451,11.5000,11.9200,11.3900,11.6700,11.6300,15796863,183256296.3000,3,1.568500,1,0.343900,46.939222,8.409353,11.222385,3.463484,0
2021-03-12,sz.300451,11.6400,11.6400,11.1800,11.3000,11.6700,15572550,177272314.1300,3,1.546200,1,-3.170500,45.451003,8.142733,10.866577,3.353674,0
2021-03-15,sz.300451,11.3500,11.5000,11.0200,11.1900,11.3000,12879484,144623162.4400,3,1.278800,1,-0.973500,45.008560,8.063467,10.760796,3.321027,0
2021-03-16,sz.300451,11.1900,11.4400,11.0900,11.1800,11.1900,9127656,102471982.2900,3,0.906300,1,-0.089400,44.968338,8.056261,10.751179,3.318059,0
2021-03-17,sz.300451,11.2000,11.3400,11.1000,11.3100,11.1800,6840624,76868705.8300,3,0.679200,1,1.162800,45.491225,8.149939,10.876193,3.356641,0
2021-03-18,sz.300451,11.2400,11.2800,10.8100,11.0000,11.3100,15870433,174959560.4100,3,1.575800,1,-2.740900,44.244339,7.926554,10.578084,3.264638,0
2021-03-19,sz.300451,11.0000,11.0300,10.8600,10.9600,11.0000,6017590,65902101.2900,3,0.597500,1,-0.363600,44.083451,7.897730,10.539618,3.252767,0
2021-03-22,sz.300451,10.9600,11.2800,10.8400,11.1700,10.9600,7827077,87205283.6400,3,0.777100,1,1.916100,44.928116,8.049056,10.741563,3.315091,0
2021-03-23,sz.300451,11.1500,11.4200,11.0500,11.3700,11.1700,9007473,101256237.0700,3,0.894300,1,1.790500,45.732558,8.193175,10.933892,3.374449,0
2021-03-24,sz.300451,11.2600,11.3800,11.0900,11.1600,11.3700,5932702,66482194.0800,3,0.589100,1,-1.847000,44.887893,8.041850,10.731947,3.312124,0
2021-03-25,sz.300451,11.2000,11.3700,11.0700,11.2500,11.1600,7397597,83307376.2800,3,0.734500,1,0.806500,45.249893,8.106703,10.818495,3.338834,0
2021-03-26,sz.300451,11.2600,11.3800,11.1900,11.3700,11.2500,7066609,79952308.7400,3,0.701600,1,1.066700,45.732558,8.193175,10.933892,3.374449,0
2021-03-29,sz.300451,11.3800,11.5200,11.2700,11.4100,11.3700,8187786,93325582.4100,3,0.813000,1,0.351800,45.893447,8.221999,10.972358,3.386320,0
2021-03-30,sz.300451,11.3500,11.3500,10.9300,11.0000,11.4100,9232237,102421678.8200,3,0.916700,1,-3.593300,44.244339,7.926554,10.578084,3.264638,0
2021-03-31,sz.300451,10.9800,11.2800,10.9000,10.9700,11.0000,9275711,102563279.7800,3,0.921000,1,-0.272700,44.123673,7.904936,10.549234,3.255734,0
2021-04-01,sz.300451,10.9800,11.3500,10.8000,11.1800,10.9700,16592907,183452861.5100,3,1.647500,1,1.914300,44.968338,8.056261,10.751179,3.318059,0
2021-04-02,sz.300451,11.1900,11.3000,11.0500,11.2300,11.1800,8372189,93601336.2600,3,0.831300,1,0.447200,45.169448,8.092291,10.799262,3.332899,0
2021-04-06,sz.300451,11.2900,11.4200,11.1200,11.3400,11.2300,10843550,122117386.0900,3,1.076600,1,0.979500,45.611892,8.171557,10.905042,3.365545,0
2021-04-07,sz.300451,11.3500,11.3900,11.0900,11.1000,11.3400,9456176,105709760.0200,3,0.938900,1,-2.116400,44.646561,7.998614,10.674248,3.294317,0
2021-04-08,sz.300451,11.0800,11.1900,10.9700,11.0000,11.1000,7418224,81998624.3800,3,0.736500,1,-0.900900,44.244339,7.926554,10.578084,3.264638,0
2021-04-09,sz.300451,11.0000,11.1400,10.9800,11.0000,11.0000,4825793,53246640.0900,3,0.479100,1,0.000000,44.244339,7.926554,10.578084,3.264638,0
2021-04-12,sz.300451,11.0100,11.0500,10.6500,10.6800,11.0000,8306437,90106905.7900,3,0.824700,1,-2.909100,42.957231,7.695964,10.270357,3.169667,0
2021-04-13,sz.300451,10.6800,10.7700,10.3000,10.3800,10.6800,9991294,105449895.3300,3,0.992000,1,-2.809000,41.750568,7.479785,9.981864,3.080631,0
2021-04-14,sz.300451,10.5300,10.5800,10.3300,10.4100,10.3800,7991723,83298074.2300,3,0.793500,1,0.289000,41.871234,7.501403,10.010714,3.089535,0
2021-04-15,sz.300451,10.4400,10.4400,10.1400,10.3100,10.4100,9989429,102504056.3900,3,0.991800,1,-0.960600,41.469013,7.429343,9.914549,3.059856,0
2021-04-16,sz.300451,10.3200,10.4200,10.2200,10.3600,10.3100,7527027,77906913.1800,3,0.747300,1,0.485000,41.670123,7.465373,9.962631,3.074695,0
2021-04-19,sz.300451,10.3500,10.6600,10.3100,10.6400,10.3600,8302129,87718142.5100,3,0.824300,1,2.702700,42.796343,7.667140,10.231892,3.157795,0
2021-04-20,sz.300451,10.6400,10.6900,10.5300,10.5800,10.6400,7977175,84563852.8200,3,0.792000,1,-0.563900,42.555010,7.623904,10.174193,3.139988,0
2021-04-21,sz.300451,10.5000,10.6100,10.4200,10.5200,10.5800,5284977,55642597.0500,3,0.524700,1,-0.567100,42.313677,7.580668,10.116494,3.122181,0
2021-04-22,sz.300451,10.5600,11.1700,10.4700,11.0600,10.5200,18489374,201506921.8100,3,1.835800,1,5.133100,44.485672,7.969790,10.635782,3.282445,0
2021-04-23,sz.300451,11.3000,11.3500,10.7200,11.0000,11.0600,26308151,289582756.0400,3,2.612100,1,-0.542500,35.969095,7.683438,24.140964,3.099359,0
2021-04-26,sz.300451,10.9500,11.1200,10.8500,10.9300,11.0000,13841727,151752803.8100,3,1.374300,1,-0.636400,35.740201,7.634543,23.987340,3.079636,0
2021-04-27,sz.300451,10.8800,11.1800,10.7500,10.8300,10.9300,9867752,107742994.1900,3,0.979800,1,-0.914900,35.413209,7.564694,23.767877,3.051460,0
2021-04-28,sz.300451,10.7700,10.8800,10.3200,10.6000,10.8300,12209856,129236166.2200,3,1.212300,1,-2.123700,34.661128,7.404040,23.263111,2.986655,0
2021-04-29,sz.300451,10.6600,10.8300,10.4100,10.4600,10.6000,10215760,108005032.4300,3,1.014300,1,-1.320800,34.203340,7.306251,22.955863,2.947209,0
2021-04-30,sz.300451,10.4100,10.5300,10.2200,10.2800,10.4600,9741753,100981511.6100,3,0.967200,1,-1.720800,33.614755,7.180522,22.560829,2.896492,0
2021-05-06,sz.300451,10.2600,10.4600,10.2300,10.3400,10.2800,7044657,72856690.6100,3,0.699500,1,0.583700,33.810950,7.222432,22.692507,2.913397,0
2021-05-07,sz.300451,10.3900,10.7300,10.3000,10.3300,10.3400,10157044,106388802.5300,3,1.008500,1,-0.096700,33.778251,7.215447,22.670560,2.910580,0
2021-05-10,sz.300451,10.3300,10.3600,10.0500,10.1000,10.3300,8950359,91253900.9300,3,0.888700,1,-2.226500,33.026169,7.054793,22.165795,2.845775,0
2021-05-11,sz.300451,10.0500,10.6800,9.8900,10.6200,10.1000,16462257,170400267.1300,3,1.634500,1,5.148500,34.726527,7.418010,23.307004,2.992290,0
2021-05-12,sz.300451,10.5400,11.0800,10.4800,10.8300,10.6200,17715099,191937631.2700,3,1.758900,1,1.977400,35.413209,7.564694,23.767877,3.051460,0
2021-05-13,sz.300451,10.7100,10.9000,10.6100,10.6900,10.8300,11532091,123921588.2800,3,1.145000,1,-1.292700,34.955421,7.466905,23.460628,3.012013,0
2021-05-14,sz.300451,10.7400,10.7800,10.5300,10.6700,10.6900,11033251,117478322.3800,3,1.095500,1,-0.187100,34.890023,7.452935,23.416736,3.006378,0
2021-05-17,sz.300451,10.6900,10.7000,10.3100,10.4300,10.6700,15124741,158087452.7200,3,1.501700,1,-2.249300,34.105242,7.285296,22.890024,2.938756,0
2021-05-18,sz.300451,10.3600,10.5600,10.3100,10.5300,10.4300,9993689,104458600.4900,3,0.992300,1,0.958800,34.432234,7.355146,23.109487,2.966932,0
2021-05-19,sz.300451,10.5900,10.5900,10.3900,10.5000,10.5300,6680585,69912566.1000,3,0.663300,1,-0.284900,34.334137,7.334191,23.043648,2.958479,0
2021-05-20,sz.300451,10.4700,10.7000,10.4500,10.6200,10.5000,8473558,89612575.8600,3,0.841300,1,1.142900,34.726527,7.418010,23.307004,2.992290,0
2021-05-21,sz.300451,10.7000,10.8600,10.5800,10.6000,10.6200,10916388,116930843.4200,3,1.083900,1,-0.188300,34.661128,7.404040,23.263111,2.986655,0
2021-05-24,sz.300451,10.5900,10.9200,10.5200,10.8700,10.6000,11606149,125198195.1100,3,1.152400,1,2.547200,35.544006,7.592634,23.855662,3.062730,0
2021-05-25,sz.300451,11.0000,11.3600,10.8900,11.1700,10.8700,24001168,267768310.2400,3,2.383000,1,2.759900,36.524982,7.802182,24.514052,3.147258,0
2021-05-26,sz.300451,11.2300,11.4400,11.1100,11.1700,11.1700,17252731,194380392.9800,3,1.713000,1,0.000000,36.524982,7.802182,24.514052,3.147258,0
2021-05-27,sz.300451,11.1600,11.2500,10.9800,11.0200,11.1700,10920282,120843791.9600,3,1.084300,1,-1.342900,36.034494,7.697408,24.184857,3.104994,0
2021-05-28,sz.300451,11.0400,11.1400,10.8700,10.9500,11.0200,14368183,157822357.2500,3,1.426600,1,-0.635200,35.805600,7.648513,24.031233,3.085271,0
2021-05-31,sz.300451,11.0200,11.0300,10.7600,10.9000,10.9500,12789617,139249408.3400,3,1.269900,1,-0.456600,35.642104,7.613589,23.921501,3.071183,0
2021-06-01,sz.300451,10.9800,11.4200,10.9100,11.3700,10.9000,22409887,252592896.9600,3,2.225100,1,4.311900,37.178965,7.941881,24.952979,3.203610,0
2021-06-02,sz.300451,11.3700,11.4000,11.0600,11.0900,11.3700,12085139,134942026.7600,3,1.199900,1,-2.462600,36.263388,7.746303,24.338481,3.124717,0
2021-06-03,sz.300451,11.0900,11.2700,11.0000,11.1300,11.0900,11603059,129340002.7100,3,1.152100,1,0.360700,36.394185,7.774242,24.426267,3.135988,0
2021-06-04,sz.300451,11.0700,11.3800,11.0600,11.3200,11.1300,12222356,137216622.9400,3,1.213500,1,1.707100,37.015469,7.906956,24.843247,3.189522,0
2021-06-07,sz.300451,11.3500,11.7100,11.2400,11.5900,11.3200,20931668,240432012.5800,3,2.078300,1,2.385200,37.898347,8.095550,25.435798,3.265597,0
2021-06-08,sz.300451,11.6300,11.7500,11.3500,11.4300,11.5900,10150341,116172766.0100,3,1.007800,1,-1.380500,37.375160,7.983791,25.084657,3.220516,0
2021-06-09,sz.300451,11.4500,11.4900,11.2100,11.3400,11.4300,8694695,98282453.8500,3,0.863300,1,-0.787400,37.080868,7.920926,24.887140,3.195157,0
2021-06-10,sz.300451,11.2100,11.5500,11.2100,11.4800,11.3400,11483824,131253912.1400,3,1.140200,1,1.234600,37.538656,8.018715,25.194388,3.234604,0
2021-06-11,sz.300451,11.8000,12.5000,11.6700,12.2400,11.4800,37943447,459183136.2400,3,3.767400,1,6.620200,40.023794,8.549571,26.862310,3.448741,0
2021-06-15,sz.300451,12.1600,12.3000,11.8300,11.8900,12.2400,23604373,284621217.7000,3,2.343600,1,-2.859500,38.879322,8.305098,26.094188,3.350125,0
2021-06-16,sz.300451,11.9300,12.0700,11.5500,11.5700,11.8900,14845451,174574603.6100,3,1.474000,1,-2.691300,37.832949,8.081580,25.391905,3.259962,0
2021-06-17,sz.300451,11.6500,11.9000,11.5500,11.7500,11.5700,12035232,140718133.8900,3,1.195000,1,1.555700,38.421534,8.207309,25.786939,3.310679,0
2021-06-18,sz.300451,11.7400,11.7900,11.4600,11.6000,11.7500,11515864,133613005.8100,3,1.143400,1,-1.276600,37.931046,8.102535,25.457744,3.268415,0
2021-06-21,sz.300451,11.6500,12.0700,11.5900,11.9600,11.6000,14352483,170711896.3300,3,1.425000,1,3.103400,39.093010,8.350744,26.237606,3.368538,0
2021-06-22,sz.300451,11.9600,11.9800,11.4400,11.5600,11.9600,17094993,198814863.6600,3,1.697300,1,-3.344500,37.785551,8.071455,25.360094,3.255878,0
2021-06-23,sz.300451,11.5700,11.7500,11.2600,11.6500,11.5600,17942554,205770694.9300,3,1.781500,1,0.778500,38.079730,8.134295,25.557535,3.281226,0
2021-06-24,sz.300451,11.6000,11.9700,11.4000,11.8700,11.6500,14127563,165683384.0200,3,1.402700,1,1.888400,38.798832,8.287904,26.040166,3.343190,0
2021-06-25,sz.300451,11.8300,11.8900,11.5800,11.6700,11.8700,11551452,134675158.2600,3,1.146900,1,-1.684900,38.145103,8.148260,25.601410,3.286859,0
2021-06-28,sz.300451,8.9600,9.0400,8.6900,8.7500,8.9500,17355420,153826090.3900,3,1.325500,1,-2.234600,37.180852,7.942284,24.954245,3.203773,0
2021-06-29,sz.300451,8.7500,8.8900,8.6700,8.7500,8.7500,12165824,106667097.8700,3,0.929200,1,0.000000,37.180852,7.942284,24.954245,3.203773,0
2021-06-30,sz.300451,8.7700,8.9300,8.6900,8.8400,8.7500,12605729,110821870.2700,3,0.962800,1,1.028600,37.563283,8.023976,25.210917,3.236726,0
2021-07-01,sz.300451,8.8000,9.2400,8.7400,9.0200,8.8400,25341587,229590986.6100,3,1.935500,1,2.036200,38.328147,8.187360,25.724262,3.302632,0
2021-07-02,sz.300451,9.0500,9.3200,8.8100,8.8400,9.0200,20779044,187854233.3500,3,1.587000,1,-1.995600,37.563283,8.023976,25.210917,3.236726,0
2021-07-05,sz.300451,8.8800,9.1800,8.8000,8.9400,8.8400,22695236,203796225.4100,3,1.733400,1,1.131200,37.988208,8.114745,25.496109,3.273340,0
2021-07-06,sz.300451,8.9000,8.9000,8.6900,8.7700,8.9400,15810702,138410951.9200,3,1.207600,1,-1.901600,37.265837,7.960438,25.011283,3.211096,0
2021-07-07,sz.300451,8.7700,8.8700,8.7100,8.7600,8.7700,9280023,81433066.1000,3,0.708800,1,-0.114000,37.223344,7.951361,24.982764,3.207434,0
2021-07-08,sz.300451,8.7900,8.8500,8.3500,8.3700,8.7600,24867167,211970643.2700,3,1.899300,1,-4.452100,35.566141,7.597362,23.870518,3.064637,0
2021-07-09,sz.300451,8.4000,8.4700,8.2000,8.2200,8.3700,16463531,136678060.4600,3,1.257400,1,-1.792100,34.928755,7.461208,23.442731,3.009716,0
2021-07-12,sz.300451,8.2500,8.8500,8.2000,8.7900,8.2200,28478122,245894323.9100,3,2.175000,1,6.934300,37.350821,7.978592,25.068322,3.218418,0
2021-07-13,sz.300451,8.7500,8.9100,8.6200,8.8100,8.7900,19094733,167775542.2400,3,1.458400,1,0.227500,37.435806,7.996745,25.125360,3.225741,0
2021-07-14,sz.300451,8.7900,8.9400,8.7100,8.7400,8.8100,15375811,135846709.7400,3,1.174300,1,-0.794600,37.138359,7.933207,24.925726,3.200111,0
2021-07-15,sz.300451,8.7100,8.8900,8.5900,8.8000,8.7400,16551425,144578440.1300,3,1.264100,1,0.686500,37.393314,7.987668,25.096841,3.222080,0
2021-07-16,sz.300451,8.8000,8.9300,8.6200,8.6300,8.8000,11146323,97323390.8700,3,0.851300,1,-1.931800,36.670943,7.833361,24.612015,3.159835,0
2021-07-19,sz.300451,8.6300,8.6300,8.6300,8.6300,8.6300,0,0.0000,3,,0,0.000000,36.670943,7.833361,24.612015,3.159835,0
2021-07-20,sz.300451,8.6300,8.6300,8.6300,8.6300,8.6300,0,0.0000,3,,0,0.000000,36.670943,7.833361,24.612015,3.159835,0
2021-07-21,sz.300451,8.6300,8.6300,8.6300,8.6300,8.6300,0,0.0000,3,,0,0.000000,36.670943,7.833361,24.612015,3.159835,0
2021-07-22,sz.300451,8.6300,8.6300,8.6300,8.6300,8.6300,0,0.0000,3,,0,0.000000,36.670943,7.833361,24.612015,3.159835,0
2021-07-23,sz.300451,8.6300,8.6300,8.6300,8.6300,8.6300,0,0.0000,3,,0,0.000000,36.670943,7.833361,24.612015,3.159835,0
2021-07-26,sz.300451,8.3500,8.3500,7.9600,8.0500,8.6300,46096569,374268641.6300,3,3.520700,1,-6.720700,34.206384,7.306901,22.957906,2.947471,0
2021-07-27,sz.300451,8.1000,8.1600,7.7300,7.8800,8.0500,28767502,228862562.3400,3,2.197100,1,-2.111800,33.484013,7.152594,22.473080,2.885226,0
2021-07-28,sz.300451,7.9600,8.0000,7.7000,7.7500,7.8800,20469247,161022593.7900,3,1.563400,1,-1.649700,32.931612,7.034594,22.102331,2.837627,0
2021-07-29,sz.300451,7.8400,7.9300,7.6700,7.7300,7.7500,16817762,130731922.5000,3,1.284500,1,-0.258100,32.846627,7.016441,22.045293,2.830304,0
2021-07-30,sz.300451,7.7600,7.8900,7.4400,7.8000,7.7300,22828356,174020539.6800,3,1.743500,1,0.905600,33.144074,7.079979,22.244927,2.855934,0
2021-08-02,sz.300451,7.9000,8.1100,7.7000,8.0600,7.8000,18608296,147998945.6000,3,1.421200,1,3.333300,34.248876,7.315978,22.986425,2.951132,0
2021-08-03,sz.300451,8.0600,8.2300,7.9900,8.0900,8.0600,18034065,146393200.5900,3,1.377400,1,0.372200,34.376353,7.343209,23.071982,2.962117,0
2021-08-04,sz.300451,8.1600,8.1700,8.0000,8.0900,8.0900,12033054,96802827.8600,3,0.919000,1,0.000000,34.376353,7.343209,23.071982,2.962117,0
2021-08-05,sz.300451,8.1200,8.1700,8.0000,8.0600,8.0900,12700442,102813687.3400,3,0.970000,1,-0.370800,34.248876,7.315978,22.986425,2.951132,0
2021-08-06,sz.300451,8.0700,8.0900,7.7700,7.8900,8.0600,16812529,132337007.6000,3,1.284100,1,-2.109200,33.526505,7.161671,22.501599,2.888888,0
2021-08-09,sz.300451,7.9200,8.1300,7.8800,7.9700,7.8900,14965104,119274438.3500,3,1.143000,1,1.013900,33.866445,7.234286,22.729752,2.918179,0
2021-08-10,sz.300451,7.9900,8.3000,7.9000,8.1900,7.9700,17204470,139709305.4700,3,1.314000,1,2.760400,34.801277,7.433978,23.357173,2.998731,0
2021-08-11,sz.300451,8.1600,8.1900,7.9600,7.9800,8.1900,13792790,110691319.1900,3,1.053400,1,-2.564100,33.908937,7.243363,22.758272,2.921841,0
2021-08-12,sz.300451,7.9800,8.0600,7.8900,7.9500,7.9800,10753504,85610528.7800,3,0.821300,1,-0.375900,33.781460,7.216132,22.672714,2.910856,0
2021-08-13,sz.300451,7.9800,7.9800,7.7000,7.8300,7.9500,17792937,138600092.5500,3,1.359000,1,-1.509400,33.271551,7.107210,22.330484,2.866919,0
2021-08-16,sz.300451,7.8300,7.8700,7.7500,7.7700,7.8300,10318048,80507408.9100,3,0.788100,1,-0.766300,33.016596,7.052748,22.159370,2.844950,0
2021-08-17,sz.300451,7.8700,8.0000,7.6500,7.7200,7.7700,17702697,138386896.9100,3,1.352100,1,-0.643500,32.804134,7.007364,22.016774,2.826643,0
2021-08-18,sz.300451,7.7600,7.7900,7.4500,7.5600,7.7200,16018306,120686157.9300,3,1.223400,1,-2.072500,32.124256,6.862133,21.560468,2.768060,0
2021-08-19,sz.300451,7.5400,7.6300,7.3100,7.4400,7.5600,23161064,172364833.7400,3,1.768900,1,-1.587300,31.614347,6.753211,21.218238,2.724122,0
2021-08-20,sz.300451,7.3200,7.4100,7.3000,7.3600,7.4400,9857730,72502560.7300,3,0.752900,1,-1.075300,31.274408,6.680595,20.990085,2.694830,0
2021-08-23,sz.300451,7.4000,7.6900,7.3700,7.5100,7.3600,14588114,110373941.5800,3,1.114200,1,2.038000,31.911794,6.816749,21.417872,2.749752,0
2021-08-24,sz.300451,7.5400,7.6700,7.4500,7.5800,7.5100,10609920,80362845.3200,3,0.810300,1,0.932100,32.209241,6.880287,21.617506,2.775382,0
2021-08-25,sz.300451,7.6600,7.7100,7.3500,7.3600,7.5800,21755310,162017286.7700,3,1.661600,1,-2.902400,29.841891,6.703169,13.161071,2.682737,0
2021-08-26,sz.300451,7.3500,7.7100,7.3300,7.5800,7.3600,22305779,168099907.9300,3,1.703600,1,2.989100,30.733904,6.903536,13.554473,2.762928,0
2021-08-27,sz.300451,7.5900,7.7400,7.3800,7.6400,7.5800,21759416,165531367.4400,3,1.661900,1,0.791600,30.977180,6.958181,13.661764,2.784798,0
2021-08-30,sz.300451,7.7000,7.8400,7.5500,7.7000,7.6400,17623610,135632826.1200,3,1.346000,1,0.785300,31.220456,7.012826,13.769055,2.806668,0
2021-08-31,sz.300451,7.6300,7.7400,7.5600,7.5800,7.7000,12802699,97719076.7600,3,0.977800,1,-1.558400,30.733904,6.903536,13.554473,2.762928,0
2021-09-01,sz.300451,7.6200,7.7700,7.5100,7.7600,7.5800,12689082,97158244.4600,3,0.969100,1,2.374700,31.463733,7.067472,13.876347,2.828538,0
2021-09-02,sz.300451,7.7600,7.7800,7.6000,7.6200,7.7600,14739882,112727198.2000,3,1.125800,1,-1.804100,30.896088,6.939966,13.626000,2.777508,0
2021-09-03,sz.300451,7.6900,7.7500,7.6100,7.6700,7.6200,11042211,84828802.4500,3,0.843400,1,0.656200,31.098818,6.985504,13.715410,2.795733,0
2021-09-06,sz.300451,7.6300,7.7200,7.6100,7.6700,7.6700,10675507,81888166.7300,3,0.815400,1,0.000000,31.098818,6.985504,13.715410,2.795733,0
2021-09-07,sz.300451,7.6700,7.8600,7.6300,7.8500,7.6700,18866392,146619689.3700,3,1.440900,1,2.346800,31.828647,7.149440,14.037284,2.861344,0
2021-09-08,sz.300451,7.8500,7.9000,7.7400,7.8900,7.8500,18709753,146636202.6600,3,1.429000,1,0.509600,31.990831,7.185870,14.108811,2.875924,0
2021-09-09,sz.300451,7.8600,8.2300,7.8100,8.1300,7.8900,26265184,212001288.1800,3,2.006000,1,3.041800,32.963936,7.404452,14.537977,2.963404,0
2021-09-10,sz.300451,8.1100,8.1600,7.9300,7.9500,8.1300,17123311,137032686.2400,3,1.307800,1,-2.214000,32.234108,7.240516,14.216103,2.897794,0
2021-09-13,sz.300451,8.0100,8.1400,7.8800,8.0800,7.9500,18844360,151836986.1100,3,1.439300,1,1.635200,32.761206,7.358914,14.448567,2.945179,0
2021-09-14,sz.300451,8.1000,8.2000,7.9200,7.9500,8.0800,17503406,140757837.2800,3,1.336800,1,-1.608900,32.234108,7.240516,14.216103,2.897794,0
2021-09-15,sz.300451,7.9300,7.9800,7.7300,7.7800,7.9500,16239660,126942798.4200,3,1.238900,1,-2.138400,31.544825,7.085687,13.912110,2.835828,0
2021-09-16,sz.300451,7.7700,7.8500,7.5900,7.5900,7.7800,15172603,116611134.7300,3,1.157500,1,-2.442200,30.774450,6.912643,13.572355,2.766573,0
2021-09-17,sz.300451,7.5900,7.6400,7.5000,7.5800,7.5900,10767527,81527145.3000,3,0.821500,1,-0.131800,30.733904,6.903536,13.554473,2.762928,0
2021-09-22,sz.300451,7.5600,7.5600,7.4100,7.4100,7.5800,10486946,78153363.0800,3,0.800100,1,-2.242700,30.044621,6.748707,13.250480,2.700963,0
2021-09-23,sz.300451,7.5400,8.0200,7.4800,7.8700,7.4100,34090025,266748077.4900,3,2.600800,1,6.207800,31.909739,7.167655,14.073047,2.868634,0
2021-09-24,sz.300451,7.9000,8.0600,7.7700,7.8400,7.8700,22978486,182362295.8300,3,1.753100,1,-0.381200,31.788101,7.140332,14.019402,2.857699,0
2021-09-27,sz.300451,7.8500,7.9800,7.7800,7.9200,7.8400,19067787,150693097.1200,3,1.454700,1,1.020400,32.112469,7.213193,14.162457,2.886859,0
2021-09-28,sz.300451,7.8200,7.8800,7.4700,7.6200,7.9200,23243355,177374400.8900,3,1.773300,1,-3.787900,30.896088,6.939966,13.626000,2.777508,0
2021-09-29,sz.300451,7.5400,7.6200,7.4300,7.4500,7.6200,13553415,101559906.9000,3,1.034000,1,-2.231000,30.206805,6.785137,13.322008,2.715543,0
2021-09-30,sz.300451,7.5200,7.6300,7.4400,7.4500,7.4500,15703516,118112082.9300,3,1.198000,1,0.000000,30.206805,6.785137,13.322008,2.715543,0
2021-10-08,sz.300451,7.5000,7.6800,7.4600,7.4900,7.4500,14009813,105992195.1700,3,1.068800,1,0.536900,30.368989,6.821568,13.393536,2.730123,0
2021-10-11,sz.300451,7.5700,7.8400,7.4900,7.6900,7.4900,15185723,116964826.5500,3,1.158500,1,2.670200,31.179910,7.003719,13.751173,2.803023,0
2021-10-12,sz.300451,7.6000,7.6800,7.5500,7.6300,7.6900,9840488,74807825.3600,3,0.750700,1,-0.780200,30.936634,6.949073,13.643882,2.781153,0
2021-10-13,sz.300451,7.5900,7.8400,7.5900,7.8100,7.6300,13743515,106480402.1900,3,1.048500,1,2.359100,31.666463,7.113010,13.965756,2.846764,0
2021-10-14,sz.300451,7.8100,7.8500,7.6500,7.8100,7.8100,12330369,95764671.0800,3,0.940700,1,0.000000,31.666463,7.113010,13.965756,2.846764,0
2021-10-15,sz.300451,7.8300,8.3200,7.8200,8.2300,7.8100,35862532,291881141.4900,3,2.736000,1,5.377700,33.369397,7.495527,14.716795,2.999855,0
2021-10-18,sz.300451,8.0400,8.3300,8.0100,8.1600,8.2300,22552802,184293699.2900,3,1.720600,1,-0.850500,33.085575,7.431774,14.591622,2.974339,0
2021-10-19,sz.300451,8.1200,8.2000,8.0200,8.1200,8.1600,15591573,126329157.4100,3,1.189500,1,-0.490200,32.923390,7.395344,14.520095,2.959759,0
2021-10-20,sz.300451,8.1700,8.2400,8.0500,8.1200,8.1200,14342391,116898660.7800,3,1.094200,1,0.000000,32.923390,7.395344,14.520095,2.959759,0
2021-10-21,sz.300451,8.0600,8.1500,7.9800,8.0600,8.1200,11513861,92847885.5900,3,0.878400,1,-0.738900,32.680114,7.340699,14.412803,2.937889,0
2021-10-22,sz.300451,8.0700,8.1200,7.9300,8.0100,8.0600,11519785,92391893.1600,3,0.878900,1,-0.620300,32.477384,7.295161,14.323394,2.919664,0
2021-10-25,sz.300451,7.9400,7.9900,7.8400,7.9000,8.0100,11831323,93458573.4600,3,0.902600,1,-1.373300,32.031377,7.194978,14.126693,2.879569,0
2021-10-26,sz.300451,7.9100,7.9800,7.7000,7.7400,7.9000,19582314,152501022.8400,3,1.494000,1,-2.025300,31.382641,7.049257,13.840583,2.821248,0
2021-10-27,sz.300451,7.7800,8.0700,7.7300,7.9900,7.7400,23523025,186103285.6100,3,1.794600,1,3.230000,31.359731,7.180361,-118.802403,2.846203,0
2021-10-28,sz.300451,7.9200,8.0800,7.8700,8.0300,7.9900,17520332,140061796.8900,3,1.336600,1,0.500600,31.516726,7.216307,-119.397158,2.860451,0
2021-10-29,sz.300451,8.0000,8.1500,7.9300,8.0000,8.0300,15985877,128324662.8400,3,1.219600,1,-0.373600,31.398980,7.189347,-118.951092,2.849765,0
2021-11-01,sz.300451,8.0300,8.2900,7.9900,8.1700,8.0000,23881137,194936456.4500,3,1.821900,1,2.125000,32.066208,7.342121,-121.478802,2.910322,0
2021-11-02,sz.300451,8.1600,8.4300,8.1400,8.2700,8.1700,25094886,208248153.1200,3,1.914500,1,1.224000,32.458696,7.431988,-122.965691,2.945944,0
2021-11-03,sz.300451,8.2900,8.3700,8.2100,8.3300,8.2700,15525316,128591054.6700,3,1.184400,1,0.725500,32.694188,7.485908,-123.857824,2.967318,0
2021-11-04,sz.300451,8.3100,8.5200,8.3000,8.3600,8.3300,15594589,131101556.4500,3,1.189700,1,0.360100,32.811934,7.512868,-124.303891,2.978004,0
2021-11-05,sz.300451,8.3900,8.5700,8.3500,8.4800,8.3600,26050618,220701485.5500,3,1.987400,1,1.435400,33.282919,7.620708,-126.088157,3.020751,0
2021-11-08,sz.300451,8.4800,8.5400,8.2300,8.3800,8.4800,15587404,130214311.8700,3,1.189200,1,-1.179200,32.890432,7.530841,-124.601268,2.985129,0
2021-11-09,sz.300451,8.3800,8.4300,8.2500,8.3100,8.3800,10980741,91381521.1700,3,0.837700,1,-0.835300,32.615690,7.467934,-123.560446,2.960193,0
2021-11-10,sz.300451,8.3000,8.3700,8.2000,8.3300,8.3100,20948286,173605260.9600,3,1.598200,1,0.240700,32.694188,7.485908,-123.857824,2.967318,0
2021-11-11,sz.300451,8.2500,8.5700,8.2200,8.4800,8.3300,17645474,148651846.7900,3,1.346200,1,1.800700,33.282919,7.620708,-126.088157,3.020751,0
2021-11-12,sz.300451,8.4800,8.5200,8.2800,8.3800,8.4800,12778965,106918223.0400,3,0.974900,1,-1.179200,32.890432,7.530841,-124.601268,2.985129,0
2021-11-15,sz.300451,8.4300,8.4500,8.2800,8.3700,8.3800,10860032,90635476.2500,3,0.828500,1,-0.119300,32.851183,7.521855,-124.452580,2.981566,0
2021-11-16,sz.300451,8.4200,8.7500,8.3500,8.6500,8.3700,27190691,234508615.2200,3,2.074400,1,3.345300,33.950147,7.773482,-128.615868,3.081308,0
2021-11-17,sz.300451,8.6600,8.9800,8.5800,8.9600,8.6500,29479546,259247284.3200,3,2.249000,1,3.583800,35.166858,8.052069,-133.225223,3.191737,0
2021-11-18,sz.300451,8.9100,9.2700,8.8900,9.1600,8.9600,35456177,324254910.1400,3,2.705000,1,2.232100,35.951832,8.231803,-136.199000,3.262981,0
2021-11-19,sz.300451,9.0700,9.4600,9.0200,9.3000,9.1600,25209004,233883349.0000,3,1.923200,1,1.528400,36.501314,8.357616,-138.280644,3.312852,0
2021-11-22,sz.300451,9.2900,9.4700,9.1200,9.2600,9.3000,22878799,212489633.8600,3,1.745500,1,-0.430100,36.344319,8.321669,-137.685888,3.298603,0
2021-11-23,sz.300451,9.2100,9.2700,9.0300,9.1800,9.2600,16920671,154506538.8700,3,1.290900,1,-0.863900,36.030330,8.249776,-136.496378,3.270105,0
2021-11-24,sz.300451,9.2500,9.5300,8.9500,9.0600,9.1800,19983192,182680233.3500,3,1.524500,1,-1.307200,35.559345,8.141936,-134.712111,3.227359,0
2021-11-25,sz.300451,9.1900,9.2000,8.9700,8.9900,9.0600,12665905,114765866.1000,3,0.966300,1,-0.772600,35.284604,8.079029,-133.671289,3.202423,0
2021-11-26,sz.300451,8.9900,9.0300,8.7500,8.8900,8.9900,13705556,121452240.7000,3,1.045600,1,-1.112300,34.892117,7.989162,-132.184400,3.166801,0
2021-11-29,sz.300451,8.9000,9.4800,8.9000,9.2500,8.8900,29130328,269351591.8000,3,2.222400,1,4.049500,36.305071,8.312683,-137.537200,3.295041,0
2021-11-30,sz.300451,9.3500,10.0000,9.2000,9.6400,9.2500,43582792,423302638.8100,3,3.325000,1,4.216200,37.835771,8.663163,-143.336065,3.433967,0
2021-12-01,sz.300451,9.6700,9.9100,9.5200,9.8300,9.6400,35431805,345554415.1300,3,2.703100,1,1.971000,38.581497,8.833910,-146.161154,3.501648,0
2021-12-02,sz.300451,9.7000,9.8200,9.4500,9.6900,9.8300,27365613,263464646.0900,3,2.087800,1,-1.424200,38.032015,8.708097,-144.079510,3.451778,0
2021-12-03,sz.300451,9.7000,9.7800,9.5200,9.5600,9.6900,17488664,168397373.2700,3,1.334200,1,-1.341600,37.521781,8.591270,-142.146554,3.405469,0
2021-12-06,sz.300451,9.5700,10.2000,9.5100,9.9600,9.5600,37080768,368603656.3900,3,2.828900,1,4.184100,39.091730,8.950737,-148.094109,3.547957,0
2021-12-07,sz.300451,9.9000,9.9300,9.1800,9.4300,9.9600,34318929,324985437.8800,3,2.618200,1,-5.321300,37.011548,8.474443,-140.213599,3.359160,0
2021-12-08,sz.300451,9.5000,9.6000,9.2800,9.4600,9.4300,19598144,184644021.0900,3,1.496800,1,0.318100,37.129294,8.501403,-140.659666,3.369847,0
2021-12-09,sz.300451,9.4000,9.5700,9.2800,9.4400,9.4600,22382890,210631099.1700,3,1.709500,1,-0.211400,37.050796,8.483430,-140.362288,3.362722,0
2021-12-10,sz.300451,9.3200,9.4300,8.9100,8.9400,9.4400,33184620,300773581.9100,3,2.534500,1,-5.296600,35.088360,8.034096,-132.927845,3.184612,0
2021-12-13,sz.300451,8.9600,9.1500,8.8400,9.0100,8.9400,19231749,172501209.1500,3,1.468800,1,0.783000,35.363101,8.097002,-133.968667,3.209548,0
2021-12-14,sz.300451,9.0500,9.7300,9.0500,9.5400,9.0100,47640488,452541461.9800,3,3.638600,1,5.882400,37.443284,8.573297,-141.849177,3.398344,0
2021-12-15,sz.300451,9.4700,9.8200,9.3900,9.4700,9.5400,26732671,255572443.0800,3,2.041700,1,-0.733800,37.168543,8.510390,-140.808355,3.373409,0
2021-12-16,sz.300451,9.4700,9.7600,9.4100,9.6300,9.4700,22153885,213599116.7600,3,1.692000,1,1.689500,37.796522,8.654177,-143.187376,3.430404,0
2021-12-17,sz.300451,9.6300,9.7500,9.5300,9.7000,9.6300,18785369,181197939.9000,3,1.434800,1,0.726900,38.071263,8.717084,-144.228198,3.455340,0
2021-12-20,sz.300451,9.3000,9.5500,8.9000,9.2600,9.7000,37028902,343287902.6400,3,2.828100,1,-4.536100,36.344319,8.321669,-137.685888,3.298603,0
2021-12-21,sz.300451,9.3500,10.1000,9.3400,9.7200,9.2600,42638540,413891069.8200,3,3.256600,1,4.967600,38.149761,8.735057,-144.525576,3.462464,0
2021-12-22,sz.300451,9.7000,9.8900,9.5300,9.8200,9.7200,26016514,253521452.0700,3,1.987000,1,1.028800,38.542248,8.824924,-146.012465,3.498086,0
2021-12-23,sz.300451,9.7500,9.8300,9.6000,9.7200,9.8200,17043400,165331064.6500,3,1.301700,1,-1.018300,38.149761,8.735057,-144.525576,3.462464,0
2021-12-24,sz.300451,9.7200,10.0800,9.5800,9.6000,9.7200,21954874,215491178.8700,3,1.676800,1,-1.234600,37.678776,8.627217,-142.741310,3.419718,0
2021-12-27,sz.300451,9.4900,9.7000,9.3900,9.5600,9.6000,17355965,165750136.2000,3,1.325600,1,-0.416700,37.521781,8.591270,-142.146554,3.405469,0
2021-12-28,sz.300451,9.5000,10.1500,9.4100,10.0900,9.5600,37089532,369415873.3200,3,2.832700,1,5.543900,39.601964,9.067564,-150.027064,3.594266,0
2021-12-29,sz.300451,10.0900,10.3500,9.8700,10.2000,10.0900,31196519,318688037.3400,3,2.382700,1,1.090200,40.033700,9.166418,-151.662642,3.633450,0
2021-12-30,sz.300451,10.1700,10.9800,10.1600,10.8500,10.2000,59140841,633306575.6600,3,4.516900,1,6.372500,42.584867,9.750552,-161.327418,3.864993,0
2021-12-31,sz.300451,10.8500,11.4000,10.6800,11.1800,10.8500,53374361,592171405.6300,3,4.076500,1,3.041500,43.880075,10.047113,-166.234150,3.982546,0
2022-01-04,sz.300451,11.1500,11.3800,10.9500,11.2400,11.1800,41702610,465718087.2900,3,3.185100,1,0.536700,44.115567,10.101033,-167.126284,4.003920,0
2022-01-05,sz.300451,11.1100,11.2400,10.5700,10.7700,11.2400,45683530,494884882.1700,3,3.489100,1,-4.181500,42.270877,9.678659,-160.137907,3.836496,0
2022-01-06,sz.300451,10.6600,10.8500,10.4100,10.7100,10.7700,27642198,293405253.2100,3,2.111200,1,-0.557100,42.035385,9.624739,-159.245774,3.815123,0
2022-01-07,sz.300451,10.7000,10.9800,10.2700,10.3300,10.7100,34865795,367357419.2500,3,2.662900,1,-3.548100,40.543933,9.283245,-153.595597,3.679759,0
2022-01-10,sz.300451,10.3500,10.7600,10.2800,10.5500,10.3300,27158292,286431091.2000,3,2.074200,1,2.129700,41.407405,9.480952,-156.866752,3.758127,0
2022-01-11,sz.300451,10.4900,10.5500,10.0600,10.1200,10.5500,27194670,277485286.3200,3,2.074700,1,-4.075800,39.719710,9.094524,-150.473131,3.604952,0
2022-01-12,sz.300451,10.1800,10.5900,10.1300,10.3500,10.1200,22541606,233910573.1700,3,1.712000,1,2.272700,40.622430,9.301218,-153.892975,3.686883,0
2022-01-13,sz.300451,10.4000,10.4000,9.9800,10.0000,10.3500,24523731,247497808.9000,3,1.862500,1,-3.381600,39.248725,8.986684,-148.688864,3.562206,0
2022-01-14,sz.300451,9.9500,10.1100,9.8000,9.9800,10.0000,22921458,227998514.0700,3,1.740800,1,-0.200000,39.170228,8.968711,-148.391487,3.555082,0
2022-01-17,sz.300451,9.9900,10.8800,9.9900,10.8500,9.9800,49185067,514920657.6600,3,3.735500,1,8.717400,42.584867,9.750552,-161.327418,3.864993,0
2022-01-18,sz.300451,10.9100,11.1600,10.3800,10.5000,10.8500,41931167,449587021.3400,3,3.184600,1,-3.225800,41.211161,9.436018,-156.123308,3.740316,0
2022-01-19,sz.300451,10.5200,10.6500,10.3000,10.3600,10.5000,23154332,241598664.0200,3,1.758500,1,-1.333300,40.661679,9.310205,-154.041664,3.690445,0
2022-01-20,sz.300451,10.3200,10.3300,9.8600,9.9200,10.3600,29344023,294905353.6300,3,2.228600,1,-4.247100,38.934735,8.914791,-147.499354,3.533708,0
2022-01-21,sz.300451,9.9200,10.0000,9.5000,9.7100,9.9200,35439710,344878307.5300,3,2.691600,1,-2.116900,38.110512,8.726070,-144.376887,3.458902,0
2022-01-24,sz.300451,9.7500,9.9700,9.6200,9.8000,9.7100,22873944,223302715.1900,3,1.737200,1,0.926900,38.463751,8.806950,-145.715087,3.490962,0
2022-01-25,sz.300451,9.7800,9.7800,9.1600,9.2200,9.8000,38785441,364059112.0000,3,2.945700,1,-5.918400,36.187324,8.285723,-137.091133,3.284354,0
2022-01-26,sz.300451,9.5000,9.5200,8.9600,9.0900,9.2200,24974681,227639676.7600,3,1.896800,1,-1.410000,35.677091,8.168896,-135.158178,3.238045,0
2022-01-27,sz.300451,9.2700,9.2700,8.7500,9.0300,9.0900,25897585,232616744.2000,3,1.966900,1,-0.660100,35.441599,8.114976,-134.266045,3.216672,0
2022-01-28,sz.300451,9.0900,9.6000,9.0300,9.3500,9.0300,29773041,279917019.9900,3,2.261200,1,3.543700,36.697558,8.402550,-139.024088,3.330663,0
2022-02-07,sz.300451,9.5800,9.6600,9.1800,9.2800,9.3500,21636809,203373430.1100,3,1.643300,1,-0.748700,36.422817,8.339643,-137.983266,3.305727,0
2022-02-08,sz.300451,9.2800,9.6600,9.1000,9.6000,9.2800,20554470,193012559.1000,3,1.561100,1,3.448300,37.678776,8.627217,-142.741310,3.419718,0
2022-02-09,sz.300451,9.5500,9.9700,9.4500,9.9500,9.6000,23240671,225969975.1900,3,1.765100,1,3.645800,39.052481,8.941751,-147.945420,3.544395,0
2022-02-10,sz.300451,9.8400,10.0000,9.6800,9.8300,9.9500,16669676,163824380.0000,3,1.266000,1,-1.206000,38.581497,8.833910,-146.161154,3.501648,0
2022-02-11,sz.300451,9.7600,9.8300,9.3200,9.7200,9.8300,23210101,222095416.0200,3,1.762800,1,-1.119000,38.149761,8.735057,-144.525576,3.462464,0
